100
(5, 93) (20, 81) 7
(18, 30) (93, 69) 44
(75, 45) (1, 32) 65
(95, 46) (16, 64) 3
(20, 59) (99, 58) 82
(54, 96) (78, 84) 55
(91, 6) (8, 99) 26
(24, 55) (64, 51) 40
(8, 21) (20, 53) 65
(69, 1) (25, 24) 81
(72, 90) (99, 21) 25
(55, 61) (34, 82) 7
(63, 89) (57, 5) 68
(52, 38) (79, 0) 36
(29, 5) (35, 63) 52
(16, 68) (64, 35) 83
(23, 82) (14, 8) 47
(70, 95) (27, 78) 6
(45, 75) (23, 9) 7
(44, 87) (98, 67) 82
(41, 20) (5, 18) 98
(33, 16) (4, 93) 74
(29, 36) (74, 39) 73
(45, 40) (56, 92) 37
(10, 28) (81, 20) 51
(74, 44) (58, 8) 26
(43, 36) (69, 40) 78
(77, 71) (24, 25) 61
(71, 90) (15, 90) 21
(89, 71) (71, 68) 51
(32, 69) (22, 68) 89
(40, 51) (20, 28) 87
(90, 55) (41, 67) 90
(94, 28) (61, 64) 98
(66, 78) (55, 71) 19
(71, 98) (60, 40) 21
(36, 96) (23, 73) 23
(15, 15) (6, 41) 84
(42, 96) (81, 27) 63
(34, 12) (12, 16) 43
(64, 6) (87, 51) 88
(34, 56) (92, 32) 42
(80, 60) (75, 54) 66
(44, 80) (6, 4) 1
(28, 65) (19, 93) 5
(80, 54) (43, 35) 27
(54, 92) (21, 51) 97
(79, 56) (1, 60) 49
(65, 0) (26, 82) 87
(63, 91) (21, 81) 49
(50, 31) (41, 64) 40
(95, 29) (90, 66) 54
(77, 52) (72, 66) 64
(72, 6) (93, 48) 82
(84, 0) (16, 42) 72
(57, 56) (4, 66) 75
(57, 72) (95, 99) 95
(20, 72) (68, 86) 14
(84, 80) (23, 33) 20
(96, 45) (29, 10) 8
(88, 7) (40, 74) 98
(35, 16) (33, 89) 88
(36, 86) (33, 94) 85
(85, 62) (8, 32) 16
(71, 45) (47, 27) 33
(44, 1) (63, 98) 69
(85, 46) (92, 68) 96
(96, 38) (26, 75) 81
(61, 25) (76, 71) 76
(76, 7) (95, 10) 30
(85, 16) (21, 16) 22
(30, 75) (3, 2) 41
(93, 66) (73, 55) 5
(28, 39) (15, 61) 74
(6, 58) (13, 13) 82
(64, 7) (86, 29) 93
(68, 60) (92, 85) 58
(3, 15) (91, 2) 15
(23, 73) (16, 15) 18
(90, 18) (95, 76) 14
(93, 77) (60, 28) 70
(69, 26) (52, 4) 73
(44, 94) (63, 51) 54
(17, 84) (46, 0) 56
(13, 97) (78, 47) 52
(38, 51) (92, 10) 70
(38, 30) (75, 57) 89
(87, 33) (27, 78) 89
(58, 53) (78, 30) 84
(18, 31) (11, 31) 31
(98, 55) (73, 39) 48
(15, 19) (79, 34) 87
(47, 94) (52, 45) 70
(20, 42) (57, 90) 19
(33, 29) (15, 87) 59
(79, 89) (66, 50) 20
(21, 70) (1, 72) 70
(76, 56) (36, 71) 79
(95, 40) (62, 56) 4
(12, 51) (26, 13) 99
10
(14, 72) 62
(54, 73) 82
(18, 9) 30
(90, 53) 12
(97, 23) 87
(32, 3) 7
(95, 88) 94
(11, 51) 58
(83, 48) 78
(75, 38) 100
