20
(56, 9) (0, 39) 0
(55, 7) (71, 28) 37
(41, 83) (55, 58) 96
(93, 84) (75, 36) 55
(16, 75) (6, 23) 32
(62, 96) (46, 89) 49
(67, 73) (49, 24) 67
(32, 12) (92, 27) 6
(17, 14) (47, 89) 32
(92, 46) (64, 61) 52
(23, 82) (34, 84) 28
(9, 48) (44, 86) 18
(32, 18) (30, 3) 82
(48, 68) (44, 37) 34
(47, 21) (36, 61) 35
(73, 51) (64, 19) 50
(99, 31) (30, 56) 86
(83, 63) (12, 16) 94
(37, 99) (19, 45) 68
(76, 54) (52, 1) 2
10
(93, 77) 69
(31, 22) 29
(24, 65) 45
(14, 91) 12
(8, 5) 1
(14, 0) 85
(52, 38) 49
(55, 11) 1
(43, 75) 94
(52, 96) 97
