180
(63, 43) (93, 9) 45
(93, 26) (84, 27) 83
(91, 18) (54, 91) 98
(53, 70) (42, 98) 97
(6, 60) (40, 2) 1
(61, 44) (86, 92) 57
(0, 88) (2, 66) 35
(22, 60) (86, 83) 59
(56, 6) (43, 32) 3
(17, 37) (44, 60) 56
(59, 13) (6, 98) 87
(97, 53) (64, 8) 79
(2, 78) (41, 5) 36
(2, 5) (31, 15) 13
(10, 26) (98, 29) 89
(5, 83) (4, 7) 73
(88, 19) (82, 22) 43
(39, 45) (77, 91) 71
(50, 69) (93, 86) 27
(53, 65) (84, 66) 4
(73, 29) (12, 15) 86
(58, 13) (97, 19) 12
(24, 55) (7, 32) 55
(1, 81) (11, 15) 98
(43, 53) (91, 1) 43
(46, 21) (6, 0) 59
(90, 48) (91, 12) 76
(51, 53) (51, 48) 23
(39, 15) (59, 67) 89
(73, 99) (29, 32) 95
(27, 88) (97, 15) 65
(98, 43) (61, 29) 74
(16, 83) (63, 48) 39
(66, 59) (50, 41) 94
(27, 39) (82, 9) 99
(35, 42) (80, 75) 76
(79, 76) (24, 57) 19
(0, 10) (8, 38) 60
(14, 1) (77, 62) 92
(19, 14) (36, 65) 65
(11, 54) (64, 15) 84
(94, 71) (49, 28) 20
(23, 98) (31, 50) 75
(12, 86) (16, 67) 92
(37, 43) (0, 23) 44
(96, 87) (44, 98) 61
(75, 26) (2, 68) 54
(35, 98) (82, 98) 27
(87, 45) (8, 83) 37
(31, 7) (70, 97) 70
(30, 93) (61, 72) 33
(71, 66) (76, 31) 31
(67, 89) (12, 76) 9
(38, 56) (40, 96) 44
(81, 82) (13, 7) 94
(8, 20) (6, 81) 21
(55, 8) (72, 63) 91
(73, 12) (97, 9) 66
(28, 43) (81, 89) 71
(10, 73) (3, 52) 21
(64, 49) (26, 38) 25
(86, 90) (76, 93) 29
(94, 54) (87, 1) 7
(49, 47) (84, 86) 34
(60, 40) (42, 6) 71
(19, 97) (84, 85) 83
(12, 81) (82, 72) 59
(70, 85) (75, 2) 22
(78, 51) (86, 95) 82
(43, 47) (3, 82) 62
(66, 61) (44, 98) 16
(78, 17) (9, 18) 65
(3, 78) (15, 58) 9
(97, 16) (11, 84) 79
(23, 0) (78, 60) 78
(77, 91) (18, 87) 61
(66, 33) (73, 86) 98
(44, 36) (75, 50) 76
(35, 32) (68, 47) 57
(17, 47) (68, 38) 27
(30, 85) (23, 74) 37
(14, 81) (72, 47) 50
(22, 36) (9, 14) 74
(4, 67) (91, 0) 40
(62, 79) (5, 37) 79
(90, 33) (26, 51) 72
(22, 29) (63, 87) 40
(1, 18) (82, 29) 47
(52, 76) (8, 23) 77
(97, 68) (7, 39) 59
(27, 90) (20, 66) 60
(80, 95) (36, 95) 55
(80, 18) (4, 62) 95
(94, 72) (25, 78) 80
(66, 42) (81, 77) 92
(48, 42) (43, 44) 31
(56, 47) (83, 14) 22
(56, 44) (51, 54) 35
(82, 71) (50, 25) 15
(13, 65) (47, 73) 91
(93, 45) (54, 5) 64
(82, 29) (23, 52) 71
(10, 1) (41, 3) 82
(24, 95) (17, 30) 66
(74, 37) (39, 39) 45
(12, 28) (0, 16) 95
(72, 22) (37, 78) 4
(25, 88) (97, 6) 80
(56, 94) (14, 62) 93
(97, 64) (56, 59) 10
(72, 58) (5, 49) 51
(52, 77) (18, 33) 26
(1, 73) (31, 69) 9
(40, 78) (27, 52) 19
(29, 11) (44, 26) 47
(6, 86) (59, 45) 47
(72, 92) (6, 2) 75
(62, 87) (9, 40) 24
(53, 48) (36, 33) 57
(52, 69) (0, 21) 66
(23, 36) (91, 15) 36
(8, 33) (73, 66) 96
(56, 16) (56, 5) 55
(27, 68) (69, 82) 49
(99, 33) (41, 62) 38
(44, 94) (71, 58) 58
(56, 48) (99, 83) 35
(24, 37) (56, 44) 73
(45, 51) (47, 20) 18
(9, 18) (26, 73) 15
(68, 63) (66, 96) 31
(39, 62) (39, 69) 74
(30, 58) (68, 31) 52
(39, 34) (1, 42) 82
(62, 37) (77, 21) 68
(65, 36) (78, 79) 9
(84, 72) (75, 55) 7
(6, 34) (63, 32) 79
(15, 63) (65, 19) 99
(81, 52) (10, 78) 55
(76, 49) (97, 94) 17
(94, 63) (91, 46) 90
(1, 70) (39, 83) 3
(6, 82) (81, 9) 87
(17, 6) (94, 78) 16
(53, 92) (20, 36) 3
(8, 76) (99, 56) 4
(45, 68) (68, 75) 76
(82, 45) (94, 37) 4
(56, 10) (65, 54) 39
(49, 62) (86, 10) 4
(16, 44) (79, 43) 17
(73, 87) (8, 68) 63
(53, 27) (65, 40) 93
(5, 54) (16, 0) 61
(63, 69) (18, 54) 86
(18, 96) (23, 34) 55
(50, 44) (52, 14) 61
(98, 18) (12, 41) 85
(82, 28) (15, 98) 29
(41, 12) (68, 78) 49
(8, 63) (81, 42) 16
(81, 30) (93, 62) 52
(22, 96) (33, 43) 66
(78, 72) (16, 37) 66
(96, 26) (86, 95) 46
(71, 74) (69, 85) 88
(84, 67) (38, 47) 0
(78, 64) (24, 11) 33
(35, 62) (73, 60) 4
(25, 56) (70, 93) 82
(52, 65) (22, 5) 80
(98, 53) (88, 94) 29
(29, 48) (21, 31) 38
(68, 80) (5, 40) 53
(7, 90) (58, 46) 16
(88, 20) (44, 62) 43
(55, 15) (98, 61) 1
(96, 52) (83, 46) 42
(79, 3) (53, 46) 92
10
(48, 49) 98
(86, 84) 64
(65, 5) 69
(82, 40) 1
(38, 22) 42
(3, 22) 53
(72, 19) 70
(19, 41) 97
(44, 44) 81
(93, 79) 100
