40
(87, 63) (73, 26) 79
(59, 16) (6, 91) 18
(83, 6) (60, 93) 69
(91, 92) (6, 28) 69
(89, 4) (80, 51) 42
(43, 97) (16, 16) 29
(48, 89) (64, 11) 50
(43, 14) (80, 93) 34
(70, 40) (7, 90) 46
(23, 55) (24, 23) 56
(59, 58) (14, 48) 2
(4, 36) (68, 42) 53
(35, 15) (67, 62) 47
(55, 89) (28, 91) 48
(49, 1) (68, 95) 50
(11, 73) (35, 50) 99
(74, 1) (55, 53) 94
(28, 75) (39, 91) 77
(67, 33) (33, 66) 18
(90, 83) (61, 2) 30
(35, 53) (67, 8) 98
(88, 44) (68, 36) 22
(50, 71) (24, 50) 95
(7, 27) (43, 10) 17
(2, 55) (10, 37) 22
(74, 92) (5, 63) 81
(17, 5) (85, 96) 6
(8, 33) (36, 40) 68
(27, 37) (28, 36) 55
(48, 89) (12, 2) 80
(71, 63) (85, 17) 35
(58, 54) (49, 17) 76
(18, 78) (19, 51) 53
(60, 28) (22, 39) 70
(24, 61) (69, 15) 65
(51, 16) (64, 33) 93
(12, 66) (19, 95) 20
(72, 98) (77, 23) 92
(37, 14) (89, 90) 88
(79, 4) (36, 79) 95
10
(23, 30) 63
(82, 40) 49
(67, 59) 7
(46, 58) 49
(33, 76) 21
(71, 28) 4
(55, 50) 72
(87, 29) 75
(42, 71) 99
(12, 45) 82
