140
(22, 65) (48, 20) 9
(99, 50) (90, 33) 34
(42, 25) (21, 30) 5
(83, 56) (18, 47) 89
(46, 98) (66, 64) 97
(59, 3) (3, 28) 71
(23, 23) (34, 96) 85
(99, 46) (1, 79) 73
(95, 26) (12, 58) 59
(28, 87) (74, 76) 5
(70, 54) (10, 32) 67
(57, 70) (60, 75) 21
(22, 22) (66, 11) 78
(20, 90) (57, 10) 84
(78, 85) (64, 77) 69
(7, 23) (79, 60) 50
(29, 38) (9, 8) 76
(47, 4) (6, 72) 65
(72, 93) (3, 13) 14
(47, 38) (70, 85) 39
(89, 81) (8, 61) 67
(47, 58) (70, 71) 5
(51, 41) (42, 12) 22
(71, 41) (78, 24) 4
(71, 8) (16, 86) 97
(69, 8) (98, 75) 39
(70, 82) (2, 26) 22
(14, 45) (11, 60) 65
(74, 49) (62, 50) 26
(25, 63) (43, 90) 0
(45, 23) (57, 41) 27
(4, 80) (0, 33) 22
(8, 6) (81, 4) 70
(95, 27) (22, 64) 74
(17, 59) (83, 68) 74
(26, 13) (91, 37) 64
(15, 52) (86, 49) 10
(5, 45) (33, 64) 88
(90, 62) (15, 76) 29
(0, 85) (87, 58) 67
(45, 30) (58, 11) 89
(58, 42) (70, 33) 5
(58, 63) (67, 19) 12
(33, 61) (99, 60) 51
(27, 41) (19, 83) 95
(20, 96) (89, 23) 18
(55, 7) (90, 94) 97
(62, 28) (97, 22) 81
(28, 74) (40, 73) 64
(37, 40) (66, 58) 59
(20, 65) (22, 53) 20
(1, 24) (49, 72) 2
(96, 57) (68, 45) 54
(64, 99) (88, 93) 52
(30, 44) (20, 32) 9
(82, 41) (80, 72) 69
(23, 4) (59, 49) 75
(92, 74) (24, 30) 33
(78, 9) (80, 96) 78
(43, 41) (52, 6) 30
(35, 22) (47, 4) 29
(71, 57) (1, 83) 53
(73, 97) (5, 18) 7
(99, 29) (96, 88) 98
(62, 98) (13, 27) 86
(61, 75) (17, 79) 92
(37, 14) (16, 50) 3
(18, 31) (22, 73) 21
(76, 99) (67, 24) 95
(4, 43) (14, 8) 38
(28, 99) (68, 98) 26
(24, 61) (53, 25) 27
(18, 12) (60, 34) 31
(70, 45) (60, 89) 2
(64, 2) (64, 64) 48
(74, 62) (96, 55) 43
(99, 91) (71, 52) 8
(71, 80) (49, 78) 55
(30, 71) (48, 6) 59
(80, 39) (72, 37) 58
(36, 61) (74, 47) 35
(64, 92) (55, 36) 93
(23, 75) (16, 23) 6
(37, 85) (58, 14) 82
(69, 14) (22, 12) 38
(29, 73) (10, 35) 52
(11, 80) (32, 74) 60
(55, 91) (21, 74) 53
(81, 33) (50, 27) 95
(18, 48) (25, 22) 93
(61, 80) (24, 62) 35
(31, 9) (0, 49) 19
(61, 32) (81, 61) 98
(3, 7) (96, 41) 64
(81, 67) (82, 45) 31
(12, 16) (87, 88) 14
(79, 89) (2, 39) 98
(93, 75) (55, 11) 27
(86, 0) (25, 16) 13
(68, 25) (50, 73) 84
(68, 16) (2, 21) 32
(7, 12) (53, 59) 53
(43, 27) (28, 49) 4
(0, 55) (89, 84) 6
(20, 91) (84, 50) 69
(40, 17) (87, 10) 40
(77, 61) (7, 14) 18
(34, 92) (22, 44) 96
(71, 99) (30, 46) 17
(24, 28) (22, 8) 34
(91, 48) (65, 8) 57
(68, 79) (89, 8) 72
(67, 63) (49, 88) 79
(13, 58) (18, 69) 1
(11, 37) (72, 6) 53
(43, 39) (32, 31) 99
(77, 71) (48, 44) 51
(72, 21) (7, 71) 48
(92, 12) (56, 56) 27
(84, 90) (26, 98) 93
(52, 57) (58, 30) 78
(23, 27) (91, 20) 27
(36, 78) (11, 66) 43
(86, 79) (73, 41) 95
(77, 25) (88, 57) 28
(56, 0) (1, 97) 81
(94, 53) (47, 7) 74
(61, 32) (24, 59) 74
(34, 47) (68, 49) 89
(17, 25) (77, 48) 54
(78, 55) (74, 39) 88
(87, 36) (74, 68) 80
(53, 99) (39, 63) 25
(35, 66) (5, 3) 36
(15, 95) (32, 31) 45
(1, 80) (95, 27) 70
(48, 75) (29, 80) 32
(58, 95) (53, 66) 58
(81, 77) (1, 23) 83
(74, 72) (78, 58) 95
10
(26, 85) 23
(71, 63) 6
(41, 62) 61
(20, 35) 23
(51, 34) 23
(77, 85) 70
(87, 88) 40
(21, 54) 61
(8, 22) 94
(78, 30) 100
