120
(80, 26) (86, 61) 66
(42, 51) (22, 41) 88
(90, 66) (17, 47) 98
(2, 68) (52, 78) 9
(72, 67) (49, 90) 38
(40, 75) (25, 5) 64
(8, 72) (62, 43) 49
(18, 84) (89, 91) 15
(83, 36) (78, 66) 14
(97, 43) (92, 17) 61
(9, 25) (27, 81) 6
(55, 12) (54, 32) 10
(23, 85) (54, 59) 54
(71, 37) (52, 32) 55
(25, 67) (63, 5) 65
(7, 60) (47, 3) 27
(73, 28) (87, 39) 25
(47, 10) (81, 94) 97
(55, 49) (4, 82) 28
(10, 87) (60, 52) 82
(41, 29) (78, 36) 98
(79, 75) (28, 30) 90
(3, 44) (55, 75) 42
(88, 0) (50, 88) 5
(56, 74) (20, 80) 64
(99, 7) (34, 43) 29
(11, 2) (38, 89) 30
(47, 44) (31, 32) 91
(50, 85) (71, 16) 1
(52, 41) (26, 31) 91
(79, 15) (95, 76) 11
(8, 9) (0, 75) 42
(21, 73) (95, 6) 42
(18, 56) (57, 10) 65
(28, 51) (33, 56) 21
(36, 50) (87, 46) 16
(69, 59) (69, 30) 18
(23, 32) (12, 96) 18
(73, 0) (57, 47) 71
(96, 47) (20, 41) 99
(40, 79) (1, 63) 35
(47, 33) (45, 62) 90
(87, 0) (53, 89) 61
(25, 75) (14, 35) 84
(45, 33) (53, 67) 88
(53, 76) (15, 53) 23
(95, 78) (82, 55) 61
(98, 75) (78, 86) 89
(63, 4) (2, 14) 81
(91, 20) (41, 14) 85
(24, 97) (96, 95) 29
(69, 49) (93, 94) 13
(59, 74) (96, 69) 82
(22, 7) (66, 58) 41
(79, 82) (24, 23) 5
(48, 85) (98, 2) 57
(16, 9) (62, 17) 32
(51, 94) (63, 44) 73
(47, 8) (9, 98) 68
(92, 36) (77, 47) 10
(3, 89) (47, 48) 23
(88, 94) (32, 68) 53
(79, 64) (25, 66) 91
(60, 43) (72, 49) 39
(15, 46) (19, 11) 48
(23, 88) (88, 36) 8
(45, 8) (43, 6) 87
(33, 64) (4, 40) 44
(12, 30) (22, 26) 74
(51, 1) (54, 96) 69
(67, 15) (12, 34) 89
(26, 72) (77, 24) 77
(58, 1) (11, 6) 35
(30, 13) (56, 47) 8
(7, 35) (74, 17) 13
(62, 17) (13, 13) 19
(17, 59) (44, 28) 37
(26, 34) (65, 66) 19
(20, 57) (34, 93) 80
(56, 39) (25, 25) 8
(4, 64) (56, 38) 30
(34, 54) (37, 0) 95
(25, 51) (5, 10) 50
(29, 77) (59, 44) 66
(25, 53) (69, 77) 0
(87, 78) (86, 16) 85
(63, 34) (95, 67) 90
(9, 77) (13, 31) 56
(3, 39) (73, 64) 9
(59, 51) (41, 43) 67
(12, 38) (68, 62) 43
(16, 87) (83, 25) 7
(10, 6) (64, 4) 38
(15, 24) (59, 54) 15
(32, 40) (60, 74) 29
(84, 87) (27, 65) 65
(6, 45) (28, 45) 85
(91, 63) (41, 93) 9
(14, 19) (12, 42) 71
(29, 79) (72, 65) 29
(66, 88) (31, 55) 7
(24, 75) (85, 32) 93
(70, 93) (99, 86) 51
(30, 3) (13, 61) 86
(65, 3) (82, 11) 28
(43, 44) (69, 72) 15
(47, 7) (41, 72) 78
(69, 13) (29, 21) 53
(71, 87) (51, 83) 62
(72, 38) (84, 87) 57
(27, 74) (32, 96) 89
(23, 79) (71, 23) 98
(54, 78) (72, 66) 49
(44, 29) (25, 47) 29
(2, 83) (5, 76) 60
(75, 88) (24, 1) 48
(63, 50) (16, 14) 46
(55, 37) (22, 41) 75
(81, 11) (5, 55) 83
(39, 19) (94, 40) 30
10
(69, 80) 63
(81, 25) 99
(42, 7) 31
(50, 70) 35
(62, 95) 68
(4, 30) 99
(10, 34) 41
(71, 49) 61
(20, 11) 1
(86, 4) 48
