80
(12, 90) (9, 79) 79
(1, 51) (97, 66) 72
(62, 49) (76, 20) 82
(96, 84) (90, 0) 99
(33, 3) (66, 28) 39
(27, 9) (54, 98) 64
(48, 81) (53, 28) 70
(33, 62) (71, 36) 89
(45, 91) (60, 85) 86
(78, 41) (8, 86) 86
(76, 85) (65, 83) 81
(60, 91) (6, 80) 81
(66, 72) (87, 63) 7
(4, 43) (48, 86) 97
(10, 57) (15, 70) 60
(71, 11) (50, 83) 65
(1, 8) (2, 78) 13
(40, 94) (48, 68) 91
(25, 31) (28, 20) 64
(73, 33) (15, 28) 13
(21, 30) (57, 38) 35
(28, 16) (26, 81) 83
(46, 60) (38, 97) 99
(75, 65) (43, 84) 61
(92, 75) (54, 41) 67
(67, 10) (44, 43) 0
(26, 64) (52, 60) 71
(87, 92) (47, 65) 84
(10, 83) (13, 14) 66
(0, 64) (73, 30) 8
(70, 94) (28, 4) 53
(62, 57) (20, 53) 45
(1, 36) (92, 58) 74
(55, 9) (40, 52) 3
(13, 57) (37, 50) 99
(1, 36) (49, 97) 49
(66, 53) (93, 40) 98
(55, 78) (75, 88) 40
(76, 96) (34, 97) 66
(75, 29) (90, 79) 82
(95, 94) (92, 0) 93
(82, 7) (28, 14) 72
(72, 33) (90, 61) 86
(61, 62) (57, 29) 21
(29, 52) (78, 0) 76
(9, 64) (36, 83) 68
(79, 83) (29, 80) 68
(24, 32) (22, 28) 74
(96, 81) (25, 60) 66
(30, 83) (2, 47) 13
(88, 60) (64, 36) 30
(69, 51) (8, 20) 57
(9, 77) (21, 86) 84
(32, 25) (25, 57) 81
(57, 15) (67, 86) 35
(63, 80) (32, 45) 88
(98, 80) (86, 91) 32
(72, 46) (53, 72) 97
(22, 61) (61, 65) 84
(75, 39) (73, 91) 38
(5, 27) (10, 19) 54
(50, 67) (26, 44) 50
(93, 20) (99, 47) 40
(87, 32) (12, 12) 36
(58, 18) (43, 67) 92
(89, 67) (94, 12) 34
(45, 80) (81, 62) 21
(56, 69) (55, 51) 79
(44, 13) (54, 47) 99
(75, 83) (94, 81) 26
(90, 64) (84, 78) 98
(15, 42) (28, 75) 59
(45, 64) (39, 53) 60
(3, 3) (52, 56) 76
(64, 53) (58, 30) 77
(88, 12) (65, 62) 62
(86, 98) (3, 44) 28
(58, 46) (19, 74) 32
(29, 86) (16, 33) 6
(29, 23) (88, 33) 7
10
(93, 59) 50
(29, 52) 90
(0, 1) 69
(25, 15) 71
(80, 79) 45
(88, 33) 6
(58, 11) 2
(28, 24) 91
(46, 74) 78
(15, 65) 100
