160
(5, 68) (11, 68) 69
(59, 84) (18, 46) 3
(74, 49) (86, 32) 57
(47, 40) (26, 70) 45
(72, 61) (88, 32) 70
(51, 76) (25, 53) 4
(79, 47) (57, 21) 53
(43, 58) (37, 52) 66
(20, 21) (2, 39) 42
(71, 23) (55, 11) 6
(77, 86) (59, 8) 35
(8, 97) (11, 21) 48
(74, 90) (17, 30) 23
(54, 11) (18, 73) 79
(86, 71) (87, 93) 32
(5, 72) (3, 4) 25
(72, 17) (90, 36) 90
(7, 75) (7, 92) 90
(45, 30) (41, 25) 26
(55, 81) (17, 38) 90
(33, 39) (90, 10) 61
(81, 23) (27, 50) 38
(44, 85) (58, 4) 71
(76, 23) (27, 0) 21
(77, 80) (51, 4) 29
(62, 37) (2, 84) 79
(22, 29) (59, 68) 2
(7, 77) (43, 28) 9
(0, 90) (66, 41) 5
(92, 35) (85, 29) 83
(80, 47) (74, 39) 67
(0, 91) (18, 18) 54
(99, 81) (3, 23) 99
(45, 47) (12, 55) 41
(35, 24) (65, 51) 94
(42, 4) (16, 21) 54
(38, 71) (1, 62) 76
(80, 7) (38, 20) 74
(93, 23) (33, 35) 55
(45, 75) (81, 9) 34
(60, 50) (85, 19) 68
(49, 33) (1, 55) 74
(52, 80) (67, 67) 39
(51, 11) (57, 55) 67
(71, 26) (69, 97) 74
(12, 39) (64, 92) 81
(11, 70) (81, 3) 48
(81, 68) (59, 96) 25
(74, 93) (63, 9) 53
(41, 11) (34, 43) 81
(12, 99) (73, 32) 59
(34, 73) (72, 20) 11
(41, 2) (19, 31) 3
(24, 7) (63, 30) 56
(12, 20) (56, 53) 89
(10, 66) (8, 34) 46
(87, 20) (8, 84) 57
(75, 38) (93, 73) 40
(31, 69) (9, 88) 1
(41, 36) (88, 35) 68
(24, 21) (9, 16) 91
(16, 34) (58, 76) 51
(75, 49) (95, 41) 32
(72, 7) (7, 77) 59
(3, 9) (75, 55) 8
(24, 24) (34, 57) 57
(96, 50) (59, 92) 52
(7, 94) (57, 38) 5
(10, 2) (12, 61) 9
(81, 37) (25, 54) 94
(19, 81) (9, 7) 67
(93, 27) (78, 24) 11
(97, 32) (99, 70) 24
(74, 85) (73, 40) 87
(55, 87) (50, 60) 62
(8, 48) (38, 76) 9
(18, 79) (74, 61) 10
(54, 86) (21, 87) 76
(12, 32) (58, 55) 23
(4, 59) (7, 70) 94
(78, 65) (0, 44) 28
(37, 81) (74, 83) 38
(37, 84) (27, 38) 72
(24, 86) (92, 41) 80
(67, 90) (98, 42) 32
(67, 27) (90, 53) 98
(30, 65) (10, 22) 17
(15, 27) (36, 42) 40
(11, 98) (92, 80) 28
(41, 85) (66, 75) 0
(63, 23) (17, 86) 76
(38, 35) (14, 52) 29
(16, 72) (1, 19) 62
(60, 80) (82, 41) 73
(14, 7) (79, 52) 21
(71, 13) (81, 50) 87
(84, 25) (38, 4) 45
(44, 0) (82, 6) 90
(24, 8) (89, 73) 81
(67, 42) (75, 7) 66
(74, 21) (3, 24) 33
(48, 49) (40, 87) 82
(28, 59) (12, 82) 99
(67, 63) (72, 39) 72
(90, 9) (22, 52) 42
(84, 99) (95, 55) 93
(99, 89) (95, 78) 3
(87, 78) (78, 64) 26
(25, 40) (74, 85) 92
(14, 65) (21, 47) 32
(60, 99) (2, 49) 93
(26, 11) (94, 84) 97
(77, 46) (54, 69) 84
(34, 74) (38, 91) 92
(69, 48) (23, 97) 87
(62, 42) (57, 11) 45
(16, 54) (79, 26) 52
(39, 83) (76, 65) 69
(24, 97) (56, 61) 21
(20, 54) (61, 19) 17
(49, 10) (11, 12) 42
(14, 19) (20, 36) 44
(48, 82) (6, 93) 95
(37, 80) (15, 19) 21
(48, 72) (11, 18) 53
(28, 81) (89, 19) 36
(84, 3) (84, 85) 6
(75, 22) (94, 51) 88
(9, 53) (69, 18) 20
(34, 8) (19, 54) 34
(62, 37) (25, 25) 72
(71, 65) (41, 27) 76
(9, 18) (68, 40) 49
(77, 67) (11, 99) 35
(10, 95) (63, 53) 21
(24, 11) (83, 13) 30
(11, 35) (9, 14) 81
(38, 36) (76, 56) 40
(84, 69) (29, 97) 66
(19, 95) (71, 9) 21
(22, 13) (86, 78) 26
(14, 55) (56, 44) 25
(46, 7) (14, 72) 2
(27, 74) (27, 7) 71
(31, 71) (53, 13) 37
(47, 47) (95, 64) 56
(51, 53) (73, 68) 68
(87, 89) (84, 85) 59
(8, 11) (61, 35) 59
(30, 62) (75, 92) 10
(6, 80) (28, 21) 87
(92, 52) (92, 4) 68
(10, 84) (62, 11) 21
(86, 67) (8, 88) 68
(18, 83) (60, 7) 84
(24, 12) (42, 33) 23
(17, 3) (21, 82) 63
(33, 3) (46, 13) 43
(10, 6) (93, 50) 45
(36, 22) (89, 19) 71
10
(58, 91) 10
(19, 74) 71
(34, 39) 90
(2, 65) 50
(2, 89) 94
(61, 52) 8
(23, 91) 0
(0, 48) 28
(8, 86) 43
(87, 92) 100
