60
(81, 82) (8, 5) 23
(64, 25) (11, 46) 45
(15, 70) (12, 90) 90
(91, 58) (2, 63) 15
(4, 16) (9, 40) 9
(52, 97) (55, 43) 99
(43, 25) (30, 62) 78
(54, 74) (50, 64) 26
(1, 57) (70, 19) 44
(59, 26) (62, 54) 57
(32, 49) (74, 33) 24
(90, 87) (27, 14) 92
(14, 5) (22, 87) 0
(3, 53) (16, 70) 89
(7, 40) (85, 49) 34
(1, 72) (6, 15) 70
(57, 95) (3, 24) 53
(4, 46) (44, 59) 61
(95, 52) (11, 41) 3
(66, 57) (60, 11) 69
(5, 88) (30, 32) 68
(42, 91) (19, 67) 22
(58, 18) (23, 49) 43
(36, 66) (6, 53) 97
(34, 76) (59, 41) 10
(5, 77) (95, 73) 21
(50, 93) (38, 27) 60
(71, 42) (29, 4) 22
(11, 47) (52, 50) 41
(71, 28) (30, 23) 46
(95, 55) (9, 65) 71
(92, 82) (36, 80) 25
(94, 91) (0, 5) 5
(77, 49) (37, 1) 23
(26, 81) (90, 0) 73
(30, 55) (4, 50) 22
(46, 56) (50, 38) 21
(65, 45) (18, 19) 0
(71, 58) (60, 66) 57
(60, 1) (18, 57) 4
(40, 31) (97, 26) 1
(14, 42) (48, 73) 95
(69, 79) (30, 24) 0
(37, 77) (71, 49) 23
(72, 22) (97, 65) 70
(89, 92) (79, 9) 44
(17, 7) (0, 38) 84
(28, 32) (6, 4) 14
(32, 56) (18, 49) 50
(85, 10) (79, 91) 64
(74, 3) (8, 45) 69
(88, 6) (18, 90) 79
(24, 18) (53, 48) 26
(66, 35) (28, 51) 51
(10, 92) (66, 5) 90
(57, 92) (51, 2) 76
(71, 95) (2, 46) 38
(75, 11) (54, 1) 89
(26, 25) (78, 3) 41
(95, 55) (62, 47) 59
10
(87, 59) 19
(44, 40) 71
(98, 32) 98
(78, 41) 57
(83, 62) 98
(18, 77) 54
(75, 6) 84
(79, 30) 3
(66, 37) 79
(16, 26) 100
