200
(81, 82) (9, 24) 84
(44, 17) (13, 0) 39
(96, 36) (78, 22) 34
(64, 32) (5, 99) 39
(86, 86) (16, 3) 57
(27, 99) (83, 82) 40
(26, 32) (69, 54) 71
(41, 82) (81, 47) 98
(66, 48) (66, 62) 40
(55, 70) (29, 3) 39
(69, 21) (60, 30) 20
(93, 23) (98, 94) 80
(94, 13) (19, 34) 9
(97, 24) (14, 47) 43
(98, 10) (79, 62) 66
(20, 5) (58, 18) 49
(36, 87) (87, 8) 64
(78, 43) (47, 17) 89
(40, 89) (10, 27) 13
(84, 5) (3, 62) 81
(27, 29) (52, 22) 1
(99, 92) (78, 18) 22
(37, 53) (9, 45) 75
(45, 48) (43, 59) 39
(0, 69) (24, 6) 41
(62, 26) (28, 94) 81
(88, 18) (88, 78) 43
(67, 11) (24, 90) 50
(45, 2) (10, 92) 86
(98, 47) (26, 65) 20
(71, 66) (89, 13) 58
(56, 7) (3, 97) 27
(36, 79) (65, 47) 22
(98, 80) (36, 44) 5
(60, 45) (27, 59) 73
(51, 65) (93, 56) 26
(98, 66) (0, 34) 49
(48, 35) (80, 56) 37
(71, 10) (52, 13) 36
(33, 68) (1, 41) 11
(47, 35) (18, 70) 96
(10, 88) (91, 99) 32
(34, 87) (96, 8) 6
(69, 59) (81, 4) 96
(91, 33) (79, 20) 55
(34, 63) (54, 81) 11
(28, 53) (61, 12) 66
(69, 38) (76, 43) 5
(90, 73) (81, 97) 92
(98, 61) (44, 40) 52
(69, 36) (53, 87) 96
(79, 10) (22, 6) 85
(71, 69) (2, 25) 4
(11, 19) (34, 27) 38
(18, 93) (86, 91) 89
(64, 2) (15, 73) 71
(69, 21) (54, 50) 34
(74, 8) (59, 68) 94
(43, 93) (43, 33) 86
(28, 85) (77, 30) 0
(89, 96) (21, 88) 60
(36, 12) (99, 93) 84
(2, 78) (34, 43) 17
(99, 59) (21, 16) 30
(61, 52) (88, 25) 18
(65, 56) (42, 66) 99
(70, 68) (23, 36) 49
(24, 86) (90, 46) 83
(28, 36) (90, 33) 73
(28, 94) (43, 31) 80
(25, 24) (15, 51) 40
(33, 89) (65, 51) 40
(0, 2) (68, 95) 56
(74, 11) (71, 73) 50
(9, 48) (66, 88) 39
(81, 11) (52, 0) 86
(61, 2) (14, 16) 24
(41, 55) (11, 8) 58
(47, 54) (3, 58) 70
(44, 10) (51, 52) 73
(97, 84) (43, 20) 12
(21, 28) (51, 97) 33
(87, 13) (87, 26) 78
(64, 39) (44, 40) 34
(88, 60) (45, 64) 42
(55, 96) (34, 12) 18
(63, 96) (62, 60) 39
(37, 8) (94, 6) 32
(77, 52) (82, 22) 38
(63, 25) (43, 65) 27
(13, 4) (35, 38) 11
(57, 29) (70, 63) 96
(61, 79) (90, 3) 19
(48, 24) (24, 30) 92
(60, 65) (22, 64) 89
(68, 96) (93, 61) 38
(22, 55) (96, 89) 26
(12, 94) (34, 39) 19
(36, 81) (32, 66) 77
(86, 29) (7, 56) 60
(65, 11) (47, 38) 17
(78, 12) (22, 8) 25
(90, 11) (32, 18) 91
(64, 19) (73, 64) 17
(22, 60) (73, 21) 7
(15, 95) (43, 8) 20
(86, 66) (12, 0) 0
(6, 19) (44, 51) 58
(4, 47) (91, 70) 14
(71, 92) (6, 70) 35
(29, 15) (94, 66) 92
(14, 58) (16, 63) 4
(66, 35) (99, 82) 38
(72, 56) (69, 68) 87
(13, 78) (46, 34) 55
(82, 86) (18, 59) 31
(21, 42) (32, 22) 16
(16, 23) (68, 48) 29
(66, 29) (54, 33) 51
(33, 64) (24, 15) 62
(11, 78) (23, 11) 9
(92, 78) (11, 53) 93
(84, 81) (11, 64) 97
(35, 26) (65, 83) 37
(90, 84) (83, 72) 90
(42, 52) (27, 55) 93
(32, 34) (96, 30) 78
(45, 71) (75, 64) 12
(55, 29) (29, 14) 7
(90, 12) (81, 42) 92
(90, 78) (66, 31) 1
(55, 10) (92, 61) 18
(60, 18) (16, 14) 64
(89, 72) (64, 56) 78
(11, 79) (21, 78) 96
(54, 23) (21, 84) 25
(63, 2) (67, 7) 13
(26, 73) (48, 62) 28
(81, 82) (88, 83) 40
(58, 95) (9, 10) 73
(46, 11) (45, 57) 39
(78, 24) (75, 23) 22
(94, 32) (1, 34) 58
(43, 29) (79, 0) 81
(48, 89) (48, 9) 78
(42, 48) (30, 39) 24
(83, 14) (31, 90) 67
(95, 21) (58, 42) 44
(3, 66) (24, 33) 20
(49, 86) (92, 98) 86
(13, 6) (7, 5) 38
(10, 4) (21, 14) 83
(70, 88) (48, 30) 44
(82, 87) (91, 36) 61
(33, 74) (42, 83) 58
(3, 61) (0, 51) 7
(61, 44) (75, 5) 79
(87, 13) (32, 38) 33
(85, 41) (33, 19) 2
(91, 20) (16, 23) 14
(74, 0) (46, 51) 39
(78, 48) (9, 19) 18
(25, 51) (24, 39) 89
(16, 80) (9, 40) 8
(21, 97) (15, 25) 82
(74, 9) (11, 33) 98
(95, 88) (85, 7) 15
(24, 9) (36, 17) 86
(65, 19) (23, 72) 41
(10, 53) (73, 59) 47
(13, 61) (41, 81) 69
(12, 14) (97, 74) 81
(25, 28) (61, 67) 28
(97, 77) (74, 68) 94
(11, 10) (37, 73) 77
(83, 0) (63, 47) 69
(47, 9) (86, 83) 52
(49, 35) (15, 47) 39
(0, 70) (67, 71) 81
(10, 57) (72, 92) 68
(64, 0) (1, 0) 79
(1, 58) (16, 97) 1
(80, 69) (56, 6) 13
(68, 6) (75, 15) 45
(30, 65) (2, 63) 90
(82, 35) (76, 70) 75
(6, 1) (51, 77) 56
(20, 72) (3, 46) 77
(73, 87) (53, 94) 15
(4, 62) (65, 52) 53
(12, 78) (24, 10) 91
(68, 84) (3, 92) 33
(99, 34) (70, 97) 24
(12, 13) (97, 81) 14
(99, 91) (55, 29) 31
(95, 40) (8, 23) 88
(89, 47) (5, 94) 39
(47, 36) (19, 17) 13
(9, 26) (29, 34) 33
(38, 91) (59, 31) 9
10
(45, 53) 76
(18, 54) 26
(64, 68) 15
(9, 19) 79
(79, 22) 84
(64, 79) 27
(56, 83) 33
(49, 87) 31
(1, 10) 93
(34, 59) 100
