100
(4, 89) (54, 56) 93
(23, 80) (72, 46) 87
(66, 12) (71, 10) 21
(44, 14) (54, 1) 96
(34, 72) (77, 69) 71
(97, 13) (50, 2) 33
(1, 67) (19, 92) 74
(64, 40) (40, 97) 79
(42, 61) (80, 11) 78
(51, 29) (30, 33) 6
(93, 60) (65, 42) 74
(23, 90) (24, 36) 44
(97, 56) (30, 11) 84
(39, 17) (4, 69) 98
(20, 98) (75, 12) 11
(36, 62) (93, 45) 44
(41, 20) (71, 69) 40
(36, 33) (17, 54) 28
(73, 99) (17, 94) 38
(58, 40) (54, 57) 1
(21, 18) (93, 55) 22
(36, 46) (44, 14) 27
(69, 27) (4, 21) 74
(65, 92) (5, 72) 57
(0, 98) (30, 23) 10
(2, 25) (91, 52) 62
(82, 46) (44, 18) 59
(17, 6) (0, 94) 87
(61, 93) (90, 75) 0
(8, 11) (33, 39) 48
(0, 86) (39, 32) 80
(22, 74) (97, 1) 22
(37, 97) (44, 55) 7
(97, 64) (93, 45) 75
(88, 97) (62, 7) 56
(23, 58) (74, 6) 29
(83, 16) (27, 75) 24
(70, 6) (25, 37) 25
(22, 65) (57, 88) 79
(76, 47) (45, 98) 45
(15, 4) (98, 44) 60
(29, 82) (23, 99) 78
(29, 75) (40, 80) 33
(51, 14) (75, 35) 46
(47, 27) (17, 70) 46
(76, 90) (4, 35) 58
(22, 9) (37, 0) 43
(75, 81) (92, 41) 55
(89, 43) (88, 63) 16
(69, 3) (63, 46) 7
(14, 39) (84, 9) 9
(29, 93) (27, 61) 14
(79, 14) (79, 85) 14
(52, 29) (16, 52) 1
(38, 33) (37, 86) 33
(13, 97) (47, 49) 4
(7, 83) (15, 24) 49
(77, 8) (22, 17) 78
(82, 80) (7, 5) 63
(79, 33) (48, 95) 65
(8, 13) (36, 75) 65
(94, 51) (96, 18) 82
(17, 85) (84, 72) 75
(5, 64) (25, 26) 86
(65, 0) (94, 54) 87
(43, 98) (0, 85) 25
(17, 91) (23, 57) 21
(85, 31) (38, 26) 82
(22, 57) (91, 49) 20
(6, 6) (33, 67) 46
(33, 75) (12, 24) 57
(53, 48) (48, 84) 22
(88, 4) (13, 61) 24
(92, 20) (85, 27) 1
(65, 24) (57, 51) 78
(26, 6) (14, 21) 6
(3, 52) (37, 89) 65
(34, 32) (73, 4) 21
(47, 85) (6, 26) 72
(80, 58) (76, 3) 7
(79, 5) (3, 77) 70
(72, 85) (98, 66) 15
(58, 66) (30, 33) 62
(37, 11) (52, 41) 26
(69, 71) (83, 26) 27
(40, 70) (31, 54) 14
(52, 48) (24, 19) 63
(14, 67) (31, 31) 4
(28, 55) (6, 92) 30
(66, 8) (4, 84) 62
(23, 55) (43, 81) 3
(24, 45) (51, 58) 77
(75, 88) (66, 28) 75
(29, 0) (14, 84) 84
(24, 55) (9, 99) 37
(20, 7) (90, 15) 55
(56, 71) (56, 54) 25
(94, 22) (50, 62) 45
(41, 52) (19, 32) 87
(55, 85) (86, 47) 9
10
(71, 7) 21
(94, 19) 36
(82, 53) 5
(92, 71) 27
(80, 51) 15
(0, 52) 16
(91, 7) 62
(61, 61) 50
(25, 67) 78
(64, 34) 99
