Total travel mileage:  11303
Schedule of all car:
 -> (u, v) here means (current location, current capacity)
 u = 0 -> original location of car, u > 0 -> start-point of item u, u < 0 -> end-point of item -u
Schedule for car 1:
(0, 0) (119, 57) (98, 92) (-119, 35) (79, 92) (9, 95) (178, 96) (-79, 39) (105, 84) (149, 88) (63, 95) (-149, 91) (-63, 84) (107, 88) (136, 97) (-9, 94) (-105, 49) (87, 89) (-98, 54) (-87, 14) (85, 93) (-85, 14) (41, 98) (-41, 14) (86, 86) (-86, 14) (132, 88) (170, 92) (-132, 18) (114, 37) (-107, 33) (81, 70) (-81, 33) (91, 93) (-91, 33) (60, 54) (7, 89) (73, 98) (-7, 63) (113, 72) (143, 75) (5, 76) (-60, 55) (-73, 46) (-114, 27) (23, 82) (-23, 27) (155, 88) (-155, 27) (130, 42) (14, 55) (-14, 42) (10, 98) (-10, 42) (54, 86) (-113, 77) (-130, 62) (51, 95) (-54, 51) (-143, 48) (124, 97) (-124, 48) (-51, 15) (148, 91) (20, 95) (-148, 19) (-136, 10) (167, 98) (-167, 10) (175, 63) (-175, 10) (144, 97) (-144, 10) (159, 95) (-159, 10) (74, 89) (-74, 10) (108, 90) (-108, 10) (11, 97) (-11, 10) (67, 69) (-67, 10) (69, 92) (-69, 10) (92, 65) (53, 74) (146, 77) (-92, 22) (126, 80) (176, 96) (-53, 87) (-176, 71) (19, 98) (-126, 40) (141, 57) (52, 88) (137, 95) (168, 95) (-20, 91) (-19, 64) (-141, 47) (110, 57) (-178, 56) (179, 98) (-179, 56) (-52, 25) (135, 93) (-135, 25) (163, 77) (-163, 25) (173, 54) (42, 74) (-173, 45) (169, 78) (-170, 74) (-137, 67) (-42, 47) (45, 91) (-45, 47) (-169, 14) (40, 79) (162, 95) (-40, 30) (133, 82) (-162, 66) (-133, 14) (102, 85) (-102, 14) (36, 90) (-110, 80) (-36, 4) (34, 98) (-34, 4) (158, 65) (129, 83) (-129, 65) (-5, 64) (-158, 3) (150, 42) (161, 91) (-161, 42) (111, 93) (-111, 42) (80, 69) (97, 91) (-150, 52) (-80, 25) (65, 96) (-97, 74) (-65, 3) (26, 62) (-26, 3) (103, 85) (-103, 3) (115, 50) (-115, 3) (154, 96) (-154, 3) (64, 37) (61, 62) (71, 78) (-64, 44) (131, 75) (37, 94) (-131, 63) (48, 90) (-71, 74) (-48, 47) (118, 71) (112, 97) (-118, 73) (28, 96) (-28, 73) (-37, 54) (174, 92) (-61, 67) (-146, 64) (-112, 38) (-174, 0) (50, 70) (-50, 0) (30, 95) (-30, 0) (120, 66) (-120, 0) (15, 89) (-15, 0) (47, 54) (49, 91) (-47, 37) (-49, 0) (16, 73) (-16, 0) (39, 92) (-39, 0) (55, 94) (-55, 0) (93, 95) (-93, 0) (31, 65) (-31, 0) (3, 98) (-3, 0) (66, 83) (-66, 0) (90, 59) (-90, 0) (89, 77) (-89, 0) (138, 79) (-138, 0) (21, 86) (-21, 0) (88, 47) (-88, 0) (72, 65) (-72, 0) (122, 96) (-122, 0) (165, 66) (-165, 0) (134, 82) (-134, 0) (24, 98) (-24, 0) (83, 74) (-83, 0) (106, 95) (-106, 0) (38, 60) (56, 81) (-38, 21) (70, 83) (-56, 62) (-70, 0) (44, 92) (-44, 0) (100, 91) (-100, 0) (4, 97) (-4, 0) (43, 75) (147, 79) (-43, 4) (171, 86) (-171, 4) (109, 97) (-109, 4) (116, 51) (33, 90) (-116, 43) (127, 78) (-33, 39) (6, 96) (-147, 92) (-127, 57) (-6, 0) (46, 61) (68, 83) (-46, 22) (157, 77) (-157, 22) (18, 93) (-18, 22) (76, 83) (-76, 22) (164, 88) (-164, 22) (59, 93) (-59, 22) (153, 85) (-153, 22) (13, 58) (84, 98) (-13, 62) (121, 98) (-84, 58) (-121, 22) (166, 68) (160, 97) (-160, 68) (-166, 22) (117, 97) (-117, 22) (101, 86) (-68, 64) (-101, 0) (29, 89) (-29, 0) (172, 80) (-172, 0) (75, 78) (-75, 0) (77, 98) (-77, 0) (156, 86) (-156, 0) (8, 59) (145, 75) (-8, 16) (-145, 0) (94, 80) (-94, 0) (104, 66) (152, 83) (-104, 17) (128, 90) (-168, 90) (151, 94) (-128, 21) (78, 97) (-152, 80) (-78, 4) (32, 78) (-32, 4) (12, 83) (-12, 4) (57, 95) (-57, 4) (95, 96) (-95, 4) (142, 94) (-142, 4) (27, 80) (99, 95) (-99, 80) (22, 92) (-151, 88) (-27, 12) (-22, 0) (2, 83) (-2, 0) (177, 43) (125, 81) (-125, 43) (140, 98) (-140, 43) (82, 93) (-82, 43) (1, 88) (-177, 45) (25, 88) (-1, 43) (-25, 0) (180, 92) (-180, 0) (0, 0) 
Schedule for car 2:
(0, 0) (62, 29) (-62, 0) (0, 0) 
Schedule for car 3:
(0, 0) (123, 55) (-123, 0) (0, 0) 
Schedule for car 4:
(0, 0) (0, 0) 
Schedule for car 5:
(0, 0) (0, 0) 
Schedule for car 6:
(0, 0) (0, 0) 
Schedule for car 7:
(0, 0) (58, 66) (-58, 0) (17, 43) (-17, 0) (0, 0) 
Schedule for car 8:
(0, 0) (0, 0) 
Schedule for car 9:
(0, 0) (96, 31) (-96, 0) (0, 0) 
Schedule for car 10:
(0, 0) (139, 99) (-139, 0) (35, 99) (-35, 0) (0, 0) 
