Total travel mileage:  11426
Schedule of all car:
 -> (u, v) here means (current location, current capacity)
 u = 0 -> original location of car, u > 0 -> start-point of item u, u < 0 -> end-point of item -u
Schedule for car 1:
(0, 0) (18, 71) (-18, 0) (156, 86) (-156, 0) (171, 82) (-171, 0) (153, 63) (118, 87) (-153, 24) (164, 90) (-118, 66) (145, 82) (-164, 16) (36, 92) (-36, 16) (-145, 0) (169, 33) (111, 84) (-169, 51) (45, 95) (-111, 44) (13, 80) (162, 96) (-13, 60) (56, 81) (-45, 37) (155, 98) (-56, 77) (176, 93) (-176, 77) (-155, 16) (103, 98) (-103, 16) (26, 75) (-26, 16) (40, 81) (-40, 16) (70, 78) (-70, 16) (43, 91) (-43, 16) (59, 87) (-59, 16) (94, 96) (-94, 16) (157, 71) (-157, 16) (128, 89) (-128, 16) (65, 87) (-65, 16) (72, 81) (-72, 16) (138, 95) (-138, 16) (102, 87) (-102, 16) (78, 92) (-162, 76) (-78, 0) (77, 98) (-77, 0) (55, 94) (-55, 0) (50, 70) (-50, 0) (117, 75) (-117, 0) (66, 83) (-66, 0) (69, 82) (-69, 0) (30, 95) (-30, 0) (11, 87) (-11, 0) (24, 98) (-24, 0) (39, 92) (-39, 0) (108, 80) (-108, 0) (74, 79) (-74, 0) (144, 87) (-144, 0) (93, 95) (-93, 0) (31, 65) (-31, 0) (3, 98) (-3, 0) (120, 66) (-120, 0) (122, 96) (-122, 0) (34, 94) (-34, 0) (0, 0) 
Schedule for car 2:
(0, 0) (62, 29) (-62, 0) (76, 61) (146, 64) (-76, 3) (91, 63) (-91, 3) (124, 52) (-124, 3) (68, 25) (127, 60) (-68, 38) (-127, 3) (46, 64) (-46, 3) (81, 40) (-81, 3) (33, 42) (73, 51) (-73, 42) (60, 63) (5, 64) (-60, 43) (152, 60) (-146, 57) (-5, 56) (-152, 39) (28, 62) (-28, 39) (61, 64) (-33, 25) (98, 60) (-98, 25) (96, 56) (-96, 25) (129, 43) (-61, 18) (121, 54) (-129, 36) (-121, 0) (101, 64) (-101, 0) (123, 55) (9, 58) (-123, 3) (150, 42) (22, 54) (-150, 15) (52, 46) (99, 61) (-22, 49) (-52, 18) (105, 63) (-99, 48) (-105, 3) (119, 60) (-119, 3) (79, 60) (-9, 57) (-79, 0) (1, 45) (-1, 0) (47, 54) (53, 63) (-53, 54) (147, 58) (-47, 4) (7, 39) (-7, 4) (143, 7) (113, 16) (116, 63) (-143, 60) (-113, 51) (170, 55) (151, 59) (-116, 12) (64, 46) (136, 55) (-151, 51) (-147, 47) (141, 64) (-170, 60) (-136, 51) (-64, 17) (-141, 0) (0, 0) 
Schedule for car 3:
(0, 0) (0, 0) 
Schedule for car 4:
(0, 0) (178, 1) (-178, 0) (0, 0) 
Schedule for car 5:
(0, 0) (0, 0) 
Schedule for car 6:
(0, 0) (0, 0) 
Schedule for car 7:
(0, 0) (0, 0) 
Schedule for car 8:
(0, 0) (83, 74) (130, 89) (-83, 15) (14, 28) (115, 75) (-14, 62) (-115, 15) (134, 97) (-134, 15) (10, 71) (-10, 15) (132, 89) (-130, 74) (-132, 0) (148, 76) (20, 80) (-148, 4) (165, 70) (-165, 4) (41, 88) (-41, 4) (57, 95) (-57, 4) (12, 83) (-12, 4) (21, 90) (-21, 4) (161, 53) (87, 93) (-87, 53) (-161, 4) (85, 83) (-85, 4) (84, 44) (88, 91) (-84, 51) (160, 80) (-88, 33) (6, 90) (-160, 61) (-6, 4) (137, 11) (168, 11) (-20, 7) (142, 97) (-142, 7) (179, 49) (63, 56) (-179, 14) (27, 90) (149, 94) (-149, 90) (-63, 83) (-27, 7) (17, 50) (177, 93) (-17, 50) (125, 88) (-125, 50) (112, 76) (-177, 33) (133, 85) (-112, 59) (80, 86) (-80, 59) (97, 81) (-133, 29) (135, 97) (-135, 29) (58, 95) (-97, 73) (-58, 7) (2, 90) (-2, 7) (32, 81) (-32, 7) (163, 59) (107, 63) (-137, 56) (173, 85) (110, 95) (-163, 43) (166, 89) (-173, 60) (-166, 14) (37, 33) (131, 64) (71, 80) (-110, 70) (114, 89) (-37, 70) (-114, 51) (54, 95) (-54, 51) (48, 78) (-71, 62) (51, 95) (-131, 64) (-48, 37) (92, 92) (-92, 37) (126, 95) (-51, 62) (19, 89) (-19, 62) (42, 82) (-126, 24) (86, 96) (-86, 24) (8, 83) (-8, 24) (175, 77) (-175, 24) (67, 83) (-67, 24) (90, 83) (-90, 24) (158, 85) (-42, 65) (-158, 4) (29, 93) (-29, 4) (140, 59) (49, 96) (-140, 41) (-49, 4) (82, 54) (25, 97) (-82, 47) (-25, 4) (180, 96) (-180, 4) (172, 84) (-172, 4) (75, 82) (-75, 4) (89, 81) (-89, 4) (15, 93) (-15, 4) (159, 89) (-159, 4) (16, 77) (-16, 4) (154, 97) (-154, 4) (95, 96) (-95, 4) (167, 92) (-167, 4) (109, 97) (-107, 93) (-109, 0) (100, 91) (-100, 0) (4, 97) (-4, 0) (44, 92) (-44, 0) (104, 66) (-104, 0) (23, 55) (174, 93) (-168, 93) (-174, 55) (-23, 0) (106, 95) (-106, 0) (38, 60) (-38, 0) (0, 0) 
Schedule for car 9:
(0, 0) (0, 0) 
Schedule for car 10:
(0, 0) (139, 99) (-139, 0) (35, 99) (-35, 0) (0, 0) 
