Total travel mileage:  9588
Schedule of all car:
 -> (u, v) here means (current location, current capacity)
 u = 0 -> original location of car, u > 0 -> start-point of item u, u < 0 -> end-point of item -u
Schedule for car 1:
(0, 0) (0, 0) 
Schedule for car 2:
(0, 0) (1, 69) (-1, 0) (0, 0) 
Schedule for car 3:
(0, 0) (62, 51) (145, 88) (-62, 37) (125, 90) (-125, 37) (133, 86) (-133, 37) (22, 75) (-22, 37) (138, 77) (-145, 40) (121, 82) (-121, 40) (130, 74) (69, 83) (-130, 49) (120, 66) (-69, 57) (29, 62) (77, 72) (52, 83) (-77, 73) (-138, 33) (7, 86) (-7, 33) (116, 78) (-29, 73) (-52, 62) (19, 88) (-19, 62) (129, 82) (-120, 65) (24, 86) (-129, 66) (-116, 21) (36, 75) (-36, 21) (-24, 0) (158, 43) (53, 46) (143, 48) (-158, 5) (50, 86) (27, 88) (-53, 85) (-50, 4) (60, 72) (-60, 4) (30, 87) (-30, 4) (113, 88) (-113, 4) (94, 77) (-94, 4) (100, 70) (-100, 4) (38, 78) (-38, 4) (136, 34) (54, 90) (-136, 60) (-54, 4) (131, 76) (-131, 4) (141, 30) (66, 87) (-66, 30) (4, 75) (150, 85) (-4, 40) (89, 68) (-89, 40) (-141, 14) (139, 80) (-139, 14) (78, 90) (-78, 14) (118, 83) (-118, 14) (5, 84) (-5, 14) (97, 59) (-97, 14) (44, 81) (-44, 14) (147, 82) (-147, 14) (104, 86) (-104, 14) (3, 71) (-3, 14) (31, 81) (-31, 14) (58, 54) (127, 60) (73, 84) (-73, 60) (48, 85) (-58, 45) (-127, 39) (-150, 29) (43, 68) (119, 89) (90, 89) (-119, 68) (-27, 66) (-43, 27) (81, 55) (134, 90) (-90, 90) (-81, 62) (-134, 27) (12, 75) (-12, 27) (159, 72) (-159, 27) (57, 84) (-57, 27) (82, 65) (2, 68) (-82, 30) (-48, 5) (75, 67) (6, 71) (-75, 9) (8, 75) (-8, 9) (34, 50) (92, 79) (-6, 75) (-143, 73) (87, 90) (-34, 49) (-92, 20) (93, 82) (-2, 79) (-87, 62) (-93, 0) (137, 81) (-137, 0) (122, 44) (88, 84) (-122, 40) (79, 63) (156, 86) (-156, 63) (-79, 40) (-88, 0) (0, 0) 
Schedule for car 4:
(0, 0) (0, 0) 
Schedule for car 5:
(0, 0) (68, 5) (135, 26) (51, 85) (-135, 64) (-51, 5) (128, 93) (-128, 5) (67, 57) (-67, 5) (74, 92) (-74, 5) (41, 73) (-41, 5) (96, 92) (-96, 5) (132, 81) (-132, 5) (64, 64) (-64, 5) (71, 72) (-71, 5) (55, 94) (-55, 5) (102, 87) (-102, 5) (83, 77) (-83, 5) (46, 86) (-46, 5) (126, 41) (47, 89) (-47, 41) (-126, 5) (26, 84) (-26, 5) (84, 85) (-84, 5) (154, 73) (-154, 5) (32, 59) (-32, 5) (99, 86) (-99, 5) (23, 76) (-23, 5) (91, 81) (-91, 5) (37, 81) (28, 90) (-37, 14) (56, 60) (110, 92) (-110, 60) (76, 69) (142, 94) (-76, 85) (-142, 60) (-68, 55) (63, 87) (-63, 55) (72, 66) (-72, 55) (10, 61) (101, 94) (-10, 88) (-28, 79) (-101, 46) (9, 88) (-56, 42) (-9, 0) (109, 92) (-109, 0) (49, 53) (11, 88) (-49, 35) (-11, 0) (115, 87) (-115, 0) (140, 21) (144, 92) (-140, 71) (-144, 0) (157, 63) (-157, 0) (151, 87) (-151, 0) (61, 91) (-61, 0) (65, 8) (149, 67) (95, 88) (-149, 29) (146, 85) (-95, 64) (-146, 8) (152, 76) (-65, 68) (-152, 0) (98, 90) (-98, 0) (17, 90) (-17, 0) (39, 55) (-39, 0) (35, 94) (-35, 0) (70, 94) (-70, 0) (117, 52) (40, 86) (-117, 34) (105, 76) (-40, 42) (13, 65) (124, 86) (-105, 44) (153, 65) (16, 90) (-13, 67) (-124, 46) (-16, 21) (160, 92) (-153, 71) (-160, 0) (42, 74) (-42, 0) (80, 94) (-80, 0) (114, 92) (-114, 0) (20, 90) (-20, 0) (21, 61) (25, 90) (-21, 29) (-25, 0) (14, 79) (-14, 0) (18, 90) (59, 91) (-59, 90) (-18, 0) (0, 0) 
Schedule for car 6:
(0, 0) (0, 0) 
Schedule for car 7:
(0, 0) (0, 0) 
Schedule for car 8:
(0, 0) (0, 0) 
Schedule for car 9:
(0, 0) (0, 0) 
Schedule for car 10:
(0, 0) (106, 93) (-106, 0) (33, 99) (-33, 0) (86, 98) (-86, 0) (45, 74) (-45, 0) (111, 93) (-111, 0) (123, 95) (-123, 0) (103, 99) (-103, 0) (155, 84) (-155, 0) (112, 97) (-112, 0) (85, 32) (148, 91) (107, 94) (-107, 91) (-85, 59) (108, 85) (-108, 59) (15, 91) (-148, 32) (-15, 0) (0, 0) 
