Total travel mileage:  6069
Schedule of all car:
 -> (u, v) here means (current location, current capacity)
 u = 0 -> original location of car, u > 0 -> start-point of item u, u < 0 -> end-point of item -u
Schedule for car 1:
(0, 0) (3, 21) (-3, 0) (0, 0) 
Schedule for car 2:
(0, 0) (0, 0) 
Schedule for car 3:
(0, 0) (29, 0) (-29, 0) (0, 0) 
Schedule for car 4:
(0, 0) (0, 0) 
Schedule for car 5:
(0, 0) (0, 0) 
Schedule for car 6:
(0, 0) (0, 0) 
Schedule for car 7:
(0, 0) (6, 33) (50, 40) (-6, 7) (96, 62) (-96, 7) (53, 21) (37, 45) (74, 46) (-74, 45) (-50, 38) (20, 39) (72, 61) (-20, 60) (-53, 46) (-72, 24) (43, 57) (-37, 33) (-43, 0) (83, 62) (-83, 0) (51, 9) (78, 30) (18, 58) (54, 59) (-51, 50) (-78, 29) (38, 54) (76, 60) (-76, 54) (-38, 29) (-54, 28) (-18, 0) (89, 30) (67, 51) (-89, 21) (56, 25) (52, 39) (33, 46) (86, 60) (-33, 53) (-56, 49) (-86, 35) (-52, 21) (-67, 0) (91, 3) (95, 40) (-95, 3) (-91, 0) (48, 55) (80, 62) (-48, 7) (-80, 0) (0, 0) 
Schedule for car 8:
(0, 0) (0, 0) 
Schedule for car 9:
(0, 0) (0, 0) 
Schedule for car 10:
(0, 0) (68, 82) (-68, 0) (14, 98) (-14, 0) (64, 86) (-64, 0) (94, 84) (-94, 0) (31, 80) (-31, 0) (13, 84) (-13, 0) (28, 87) (-28, 0) (77, 65) (25, 75) (15, 86) (-77, 21) (79, 93) (-79, 21) (26, 83) (-26, 21) (35, 77) (-35, 21) (23, 95) (-23, 21) (41, 81) (-41, 21) (81, 91) (-81, 21) (46, 79) (-46, 21) (90, 83) (-90, 21) (9, 99) (-25, 89) (-9, 11) (58, 89) (-58, 11) (21, 33) (61, 98) (-61, 33) (36, 62) (32, 84) (-21, 62) (-32, 40) (-36, 11) (65, 98) (-15, 87) (-65, 0) (62, 82) (-62, 0) (73, 24) (98, 69) (49, 85) (-98, 40) (71, 97) (-71, 40) (-73, 16) (39, 95) (-39, 16) (93, 91) (-93, 16) (40, 61) (19, 99) (-40, 54) (-19, 16) (63, 91) (-63, 16) (34, 91) (-34, 16) (11, 90) (-49, 74) (-11, 0) (75, 78) (-75, 0) (99, 87) (-99, 0) (92, 77) (69, 97) (-92, 20) (16, 64) (85, 91) (-69, 71) (-16, 27) (27, 86) (-85, 59) (-27, 0) (45, 46) (55, 79) (88, 83) (-45, 37) (-55, 4) (42, 82) (-42, 4) (1, 97) (-1, 4) (60, 69) (-60, 4) (2, 91) (-2, 4) (8, 83) (-8, 4) (66, 29) (24, 86) (-66, 61) (-24, 4) (7, 78) (-7, 4) (12, 48) (57, 97) (-57, 48) (70, 94) (-12, 50) (-70, 4) (5, 75) (100, 84) (82, 99) (-5, 28) (59, 91) (-82, 76) (-100, 67) (97, 92) (-97, 67) (10, 73) (84, 99) (-59, 36) (30, 84) (-10, 78) (-30, 30) (87, 93) (-84, 67) (22, 94) (-88, 90) (-87, 27) (47, 70) (-47, 27) (-22, 0) (4, 96) (-4, 0) (44, 46) (17, 86) (-17, 46) (-44, 0) (0, 0) 
