Total travel mileage:  3764
Schedule of all car:
 -> (u, v) here means (current location, current capacity)
 u = 0 -> original location of car, u > 0 -> start-point of item u, u < 0 -> end-point of item -u
Schedule for car 1:
(0, 0) (0, 0) 
Schedule for car 2:
(0, 0) (0, 0) 
Schedule for car 3:
(0, 0) (0, 0) 
Schedule for car 4:
(0, 0) (0, 0) 
Schedule for car 5:
(0, 0) (60, 59) (-60, 0) (39, 57) (-39, 0) (46, 44) (34, 67) (-46, 23) (50, 87) (19, 90) (-50, 26) (32, 51) (33, 56) (57, 94) (-32, 69) (8, 95) (-8, 69) (22, 91) (-22, 69) (36, 91) (-36, 69) (-57, 31) (18, 92) (-19, 89) (-18, 28) (17, 81) (-17, 28) (21, 96) (-21, 28) (48, 42) (59, 83) (5, 92) (-33, 87) (-48, 73) (13, 73) (-34, 50) (53, 76) (40, 80) (-59, 39) (30, 85) (-53, 59) (-30, 13) (7, 91) (41, 92) (-7, 14) (49, 64) (-40, 60) (-49, 10) (15, 44) (-5, 35) (27, 95) (-27, 35) (-15, 1) (31, 72) (-31, 1) (24, 98) (-24, 1) (14, 90) (-14, 1) (3, 91) (-3, 1) (55, 91) (-13, 91) (-55, 1) (58, 90) (-58, 1) (45, 71) (-41, 70) (-45, 0) (12, 92) (-12, 0) (0, 0) 
Schedule for car 6:
(0, 0) (0, 0) 
Schedule for car 7:
(0, 0) (0, 0) 
Schedule for car 8:
(0, 0) (0, 0) 
Schedule for car 9:
(0, 0) (0, 0) 
Schedule for car 10:
(0, 0) (56, 76) (-56, 0) (52, 79) (-52, 0) (35, 73) (-35, 0) (51, 69) (-51, 0) (42, 95) (-42, 0) (6, 99) (43, 99) (38, 99) (-6, 0) (54, 51) (23, 94) (-23, 51) (11, 75) (-54, 24) (9, 68) (26, 89) (-26, 68) (-9, 24) (2, 69) (-2, 24) (29, 65) (25, 75) (44, 98) (-29, 57) (-44, 34) (-25, 24) (20, 93) (-20, 24) (10, 81) (-11, 57) (28, 79) (-10, 22) (4, 37) (1, 60) (37, 81) (-37, 60) (-43, 60) (-28, 38) (-1, 15) (47, 99) (-38, 99) (-47, 15) (16, 85) (-4, 70) (-16, 0) (0, 0) 
