Total travel mileage:  2788
Schedule of all car:
 -> (u, v) here means (current location, current capacity)
 u = 0 -> original location of car, u > 0 -> start-point of item u, u < 0 -> end-point of item -u
Schedule for car 1:
(0, 0) (0, 0) 
Schedule for car 2:
(0, 0) (0, 0) 
Schedule for car 3:
(0, 0) (0, 0) 
Schedule for car 4:
(0, 0) (0, 0) 
Schedule for car 5:
(0, 0) (0, 0) 
Schedule for car 6:
(0, 0) (0, 0) 
Schedule for car 7:
(0, 0) (0, 0) 
Schedule for car 8:
(0, 0) (0, 0) 
Schedule for car 9:
(0, 0) (4, 69) (-4, 0) (3, 69) (-3, 0) (14, 48) (6, 77) (-14, 29) (33, 82) (-33, 29) (12, 82) (-6, 53) (8, 87) (-12, 34) (35, 99) (-35, 34) (15, 84) (-15, 34) (-8, 0) (26, 81) (-26, 0) (16, 99) (-16, 0) (23, 95) (-23, 0) (18, 77) (37, 97) (-37, 77) (-18, 0) (38, 92) (-38, 0) (40, 95) (-40, 0) (30, 80) (-30, 0) (21, 98) (-21, 0) (17, 94) (-17, 0) (32, 76) (-32, 0) (36, 93) (-36, 0) (39, 88) (-39, 0) (1, 79) (-1, 0) (2, 18) (19, 36) (9, 82) (-19, 64) (-2, 46) (-9, 0) (0, 0) 
Schedule for car 10:
(0, 0) (25, 22) (-25, 0) (28, 68) (-28, 0) (10, 56) (24, 73) (27, 79) (-10, 23) (13, 70) (-24, 53) (11, 55) (-13, 8) (31, 43) (-27, 37) (20, 67) (-31, 32) (5, 74) (-5, 32) (22, 54) (-22, 32) (7, 82) (-20, 52) (-7, 2) (34, 72) (-34, 2) (29, 57) (-29, 2) (-11, 0) (0, 0) 
