Total travel mileage:  8769
Schedule of all car:
 -> (u, v) here means (current location, current capacity)
 u = 0 -> original location of car, u > 0 -> start-point of item u, u < 0 -> end-point of item -u
Schedule for car 1:
(0, 0) (51, 20) (-51, 0) (23, 22) (-23, 0) (67, 3) (92, 22) (-92, 3) (-67, 0) (68, 21) (114, 22) (-114, 21) (-68, 0) (0, 0) 
Schedule for car 2:
(0, 0) (0, 0) 
Schedule for car 3:
(0, 0) (44, 51) (22, 56) (-44, 5) (39, 34) (-22, 29) (12, 50) (-12, 29) (137, 61) (-137, 29) (-39, 0) (87, 60) (-87, 0) (83, 6) (86, 58) (-86, 6) (115, 59) (-83, 53) (3, 58) (-115, 5) (99, 18) (85, 56) (-99, 43) (-85, 5) (130, 59) (-3, 54) (-130, 0) (76, 43) (-76, 0) (98, 27) (58, 60) (-58, 27) (122, 54) (103, 58) (-122, 31) (119, 58) (-98, 31) (61, 60) (-61, 31) (31, 58) (-31, 31) (-119, 4) (62, 57) (-62, 4) (134, 40) (1, 49) (-103, 45) (55, 54) (-55, 45) (-134, 9) (16, 59) (-1, 50) (37, 60) (-16, 10) (95, 41) (-37, 31) (-95, 0) (29, 26) (-29, 0) (0, 0) 
Schedule for car 4:
(0, 0) (0, 0) 
Schedule for car 5:
(0, 0) (0, 0) 
Schedule for car 6:
(0, 0) (15, 69) (-15, 0) (0, 0) 
Schedule for car 7:
(0, 0) (0, 0) 
Schedule for car 8:
(0, 0) (0, 0) 
Schedule for car 9:
(0, 0) (52, 2) (38, 90) (-38, 2) (65, 88) (-65, 2) (28, 67) (104, 73) (-28, 8) (126, 89) (-126, 8) (32, 30) (49, 94) (-49, 30) (71, 56) (-71, 30) (63, 37) (-104, 31) (138, 89) (-138, 31) (88, 84) (-88, 31) (135, 76) (-135, 31) (70, 69) (-32, 47) (-63, 40) (110, 74) (96, 88) (-70, 50) (-110, 16) (57, 91) (-57, 16) (121, 94) (-121, 16) (128, 90) (-128, 16) (79, 75) (-79, 16) (18, 81) (-18, 16) (40, 83) (-40, 16) (34, 90) (-34, 16) (20, 55) (81, 90) (-81, 55) (43, 67) (-20, 28) (54, 80) (-54, 28) (-96, 14) (78, 69) (133, 94) (-78, 39) (91, 74) (-133, 49) (123, 92) (30, 92) (-91, 57) (-123, 14) (136, 84) (10, 89) (-10, 84) (77, 92) (-77, 84) (42, 89) (24, 93) (-42, 88) (-43, 76) (-24, 72) (-136, 2) (132, 82) (-132, 2) (2, 36) (53, 90) (-2, 56) (125, 84) (-53, 30) (80, 88) (-80, 30) (-125, 2) (131, 90) (-131, 2) (56, 71) (74, 73) (-56, 4) (117, 55) (109, 72) (27, 94) (-117, 43) (60, 73) (-109, 56) (72, 83) (-27, 61) (-72, 34) (50, 93) (-60, 63) (73, 94) (-73, 63) (-50, 4) (113, 83) (-52, 81) (-30, 81) (-113, 2) (-74, 0) (82, 93) (-82, 0) (41, 89) (-41, 0) (6, 71) (-6, 0) (90, 93) (-90, 0) (13, 78) (-13, 0) (101, 32) (118, 80) (-118, 32) (107, 50) (19, 64) (-19, 50) (-101, 18) (102, 71) (-102, 18) (11, 85) (-11, 18) (17, 94) (-17, 18) (-107, 0) (0, 0) 
Schedule for car 10:
(0, 0) (89, 95) (-89, 0) (116, 99) (-116, 0) (45, 95) (-45, 0) (108, 96) (-108, 0) (129, 89) (-129, 0) (93, 98) (-93, 0) (140, 95) (-140, 0) (127, 74) (-127, 0) (36, 64) (-36, 0) (100, 84) (-100, 0) (84, 82) (-84, 0) (47, 97) (-47, 0) (21, 67) (-21, 0) (4, 89) (-4, 0) (35, 74) (-35, 0) (120, 93) (-120, 0) (105, 69) (46, 87) (-105, 18) (8, 91) (-8, 18) (112, 90) (-46, 72) (-112, 0) (64, 98) (-64, 0) (124, 95) (-124, 0) (111, 57) (106, 97) (-111, 40) (75, 88) (-106, 48) (26, 87) (-26, 48) (-75, 0) (66, 92) (-66, 0) (14, 84) (-14, 0) (25, 97) (-25, 0) (97, 98) (-97, 0) (94, 64) (-94, 0) (9, 59) (-9, 0) (7, 85) (-7, 0) (5, 97) (-5, 0) (139, 83) (-139, 0) (33, 70) (-33, 0) (59, 78) (-59, 0) (69, 95) (-69, 0) (48, 81) (-48, 0) (0, 0) 
