Total travel mileage:  4942
Schedule of all car:
 -> (u, v) here means (current location, current capacity)
 u = 0 -> original location of car, u > 0 -> start-point of item u, u < 0 -> end-point of item -u
Schedule for car 1:
(0, 0) (0, 0) 
Schedule for car 2:
(0, 0) (0, 0) 
Schedule for car 3:
(0, 0) (0, 0) 
Schedule for car 4:
(0, 0) (0, 0) 
Schedule for car 5:
(0, 0) (0, 0) 
Schedule for car 6:
(0, 0) (0, 0) 
Schedule for car 7:
(0, 0) (0, 0) 
Schedule for car 8:
(0, 0) (80, 7) (48, 81) (-48, 7) (61, 61) (17, 74) (-61, 20) (6, 84) (-6, 20) (15, 80) (-17, 67) (-15, 7) (29, 73) (-29, 7) (36, 56) (-36, 7) (12, 88) (-12, 7) (1, 86) (-1, 7) (53, 91) (-53, 7) (50, 20) (46, 88) (-50, 75) (-46, 7) (67, 28) (38, 68) (13, 75) (-67, 54) (-13, 47) (60, 85) (-60, 47) (70, 73) (-70, 47) (57, 79) (-57, 47) (-38, 7) (11, 88) (-11, 7) (28, 91) (-28, 7) (24, 68) (-24, 7) (7, 77) (-7, 7) (55, 42) (21, 77) (-21, 42) (32, 87) (-55, 52) (77, 80) (-32, 35) (-77, 7) (59, 91) (-59, 7) (68, 86) (-68, 7) (75, 84) (-75, 7) (16, 72) (-16, 7) (52, 64) (-52, 7) (22, 90) (-22, 7) (45, 83) (-45, 7) (42, 79) (-42, 7) (5, 46) (34, 49) (26, 49) (63, 89) (-63, 49) (64, 85) (-80, 78) (20, 91) (-5, 52) (-26, 52) (-34, 49) (-20, 36) (-64, 0) (74, 76) (-74, 0) (10, 86) (-10, 0) (2, 72) (-2, 0) (49, 66) (-49, 0) (19, 64) (-19, 0) (0, 0) 
Schedule for car 9:
(0, 0) (0, 0) 
Schedule for car 10:
(0, 0) (35, 99) (-35, 0) (54, 81) (30, 89) (-54, 8) (27, 79) (-27, 8) (44, 29) (66, 63) (51, 93) (-66, 59) (-51, 29) (-44, 8) (65, 100) (-65, 8) (8, 97) (-8, 8) (40, 90) (-40, 8) (47, 76) (-47, 8) (31, 61) (-31, 8) (33, 82) (-33, 8) (3, 90) (-30, 82) (-3, 0) (43, 86) (-43, 0) (71, 98) (-71, 0) (25, 67) (-25, 0) (69, 99) (-69, 0) (37, 98) (-37, 0) (4, 99) (-4, 0) (76, 62) (-76, 0) (41, 93) (-41, 0) (58, 97) (-58, 0) (56, 88) (-56, 0) (14, 97) (-14, 0) (23, 99) (-23, 0) (9, 86) (-9, 0) (39, 66) (-39, 0) (18, 91) (79, 97) (-18, 6) (73, 66) (78, 98) (-73, 38) (62, 88) (-62, 38) (-79, 32) (72, 91) (-72, 32) (-78, 0) (0, 0) 
