Total travel mileage:  5997
Schedule of all car:
 -> (u, v) here means (current location, current capacity)
 u = 0 -> original location of car, u > 0 -> start-point of item u, u < 0 -> end-point of item -u
Schedule for car 1:
(0, 0) (3, 21) (-3, 0) (0, 0) 
Schedule for car 2:
(0, 0) (74, 1) (-74, 0) (0, 0) 
Schedule for car 3:
(0, 0) (0, 0) 
Schedule for car 4:
(0, 0) (100, 9) (29, 9) (82, 24) (-29, 24) (-82, 9) (49, 25) (-100, 16) (-49, 0) (0, 0) 
Schedule for car 5:
(0, 0) (0, 0) 
Schedule for car 6:
(0, 0) (0, 0) 
Schedule for car 7:
(0, 0) (0, 0) 
Schedule for car 8:
(0, 0) (72, 22) (97, 47) (-72, 25) (86, 39) (-86, 25) (20, 26) (-97, 1) (-20, 0) (0, 0) 
Schedule for car 9:
(0, 0) (89, 30) (95, 67) (91, 70) (-89, 40) (43, 73) (-95, 36) (67, 57) (52, 71) (33, 78) (-91, 75) (-43, 42) (66, 67) (56, 71) (-66, 46) (25, 56) (88, 60) (-33, 53) (-56, 49) (22, 76) (-25, 66) (54, 67) (10, 73) (-22, 46) (84, 72) (76, 78) (-76, 72) (-84, 46) (18, 74) (-88, 70) (-10, 64) (-54, 63) (-18, 35) (-52, 21) (-67, 0) (92, 77) (-92, 0) (83, 62) (-83, 0) (55, 33) (16, 77) (-16, 33) (40, 78) (-40, 33) (-55, 0) (79, 72) (-79, 0) (26, 62) (-26, 0) (35, 56) (-35, 0) (90, 62) (-90, 0) (0, 0) 
Schedule for car 10:
(0, 0) (8, 79) (-8, 0) (1, 93) (-1, 0) (9, 78) (-9, 0) (65, 87) (-65, 0) (34, 75) (-34, 0) (62, 82) (-62, 0) (68, 82) (-68, 0) (59, 63) (-59, 0) (41, 60) (-41, 0) (13, 84) (-13, 0) (58, 78) (-58, 0) (96, 55) (17, 95) (-96, 40) (53, 54) (98, 99) (-98, 54) (-17, 14) (85, 41) (48, 96) (-53, 82) (80, 89) (-48, 34) (27, 93) (-85, 66) (6, 99) (-80, 92) (-6, 59) (-27, 0) (4, 96) (-4, 0) (38, 25) (81, 95) (-81, 25) (45, 71) (78, 92) (-38, 67) (-45, 21) (7, 95) (-7, 21) (42, 99) (-42, 21) (15, 32) (46, 90) (-46, 32) (77, 97) (-77, 32) (71, 89) (51, 98) (-71, 41) (30, 89) (-30, 41) (47, 84) (-47, 41) (44, 87) (50, 94) (-78, 73) (-15, 62) (-51, 53) (-44, 7) (75, 85) (-50, 78) (-75, 0) (87, 63) (36, 92) (-36, 63) (37, 87) (-87, 24) (21, 46) (70, 92) (-21, 70) (73, 94) (-70, 48) (-37, 24) (-73, 0) (39, 79) (-39, 0) (24, 57) (19, 95) (-24, 38) (12, 82) (-19, 44) (57, 93) (-57, 44) (-12, 0) (99, 87) (-99, 0) (28, 87) (-28, 0) (31, 80) (-31, 0) (14, 98) (-14, 0) (64, 86) (-64, 0) (94, 84) (-94, 0) (2, 87) (-2, 0) (60, 65) (-60, 0) (63, 75) (32, 97) (-63, 22) (93, 97) (-93, 22) (23, 96) (-32, 74) (-23, 0) (61, 65) (69, 85) (-61, 20) (5, 91) (-5, 20) (11, 94) (-69, 74) (-11, 0) (0, 0) 
