Total travel mileage:  8668
Schedule of all car:
 -> (u, v) here means (current location, current capacity)
 u = 0 -> original location of car, u > 0 -> start-point of item u, u < 0 -> end-point of item -u
Schedule for car 1:
(0, 0) (0, 0) 
Schedule for car 2:
(0, 0) (0, 0) 
Schedule for car 3:
(0, 0) (0, 0) 
Schedule for car 4:
(0, 0) (55, 9) (103, 13) (3, 18) (67, 21) (-103, 17) (-67, 14) (-3, 9) (-55, 0) (0, 0) 
Schedule for car 5:
(0, 0) (0, 0) 
Schedule for car 6:
(0, 0) (15, 69) (-15, 0) (78, 55) (-78, 0) (91, 35) (137, 67) (-91, 32) (10, 37) (-137, 5) (123, 48) (30, 48) (-123, 5) (86, 57) (-86, 5) (28, 70) (-28, 5) (87, 65) (-87, 5) (49, 69) (-30, 69) (-49, 5) (88, 58) (83, 64) (-88, 11) (1, 20) (37, 30) (81, 65) (22, 70) (-37, 60) (-81, 25) (74, 27) (23, 49) (-1, 40) (61, 69) (-83, 63) (52, 65) (-23, 43) (-61, 14) (31, 41) (-31, 14) (20, 53) (-52, 51) (-74, 49) (12, 70) (-12, 49) (-22, 44) (-10, 39) (-20, 0) (54, 52) (-54, 0) (0, 0) 
Schedule for car 7:
(0, 0) (0, 0) 
Schedule for car 8:
(0, 0) (72, 27) (32, 49) (-32, 27) (110, 61) (-72, 34) (92, 53) (-110, 19) (68, 40) (-92, 21) (114, 22) (-114, 21) (-68, 0) (51, 20) (-51, 0) (0, 0) 
Schedule for car 9:
(0, 0) (0, 0) 
Schedule for car 10:
(0, 0) (125, 28) (56, 97) (-125, 69) (-56, 0) (140, 95) (-140, 0) (76, 43) (95, 74) (77, 82) (-76, 39) (2, 73) (-2, 39) (53, 93) (-95, 62) (-77, 54) (-53, 0) (89, 95) (-89, 0) (41, 89) (-41, 0) (57, 75) (-57, 0) (139, 83) (-139, 0) (33, 70) (-33, 0) (47, 97) (-47, 0) (69, 95) (-69, 0) (128, 74) (-128, 0) (79, 59) (134, 95) (-79, 36) (75, 84) (-75, 36) (62, 89) (-62, 36) (135, 81) (-135, 36) (44, 87) (-44, 36) (58, 69) (98, 96) (-98, 69) (60, 99) (-58, 66) (122, 93) (-134, 57) (106, 97) (-60, 67) (99, 80) (-106, 40) (119, 67) (-122, 40) (111, 97) (-119, 70) (63, 77) (19, 91) (-63, 84) (-111, 27) (85, 65) (101, 97) (-99, 84) (-85, 46) (-19, 32) (-101, 0) (38, 88) (-38, 0) (35, 74) (-35, 0) (120, 93) (-120, 0) (40, 67) (-40, 0) (34, 74) (-34, 0) (82, 93) (-82, 0) (116, 99) (-116, 0) (45, 95) (-45, 0) (108, 96) (-108, 0) (90, 93) (-90, 0) (96, 14) (13, 92) (-96, 78) (107, 96) (-13, 18) (6, 89) (-6, 18) (17, 94) (-17, 18) (102, 71) (-107, 53) (104, 59) (70, 97) (-70, 59) (73, 90) (-102, 37) (50, 96) (-73, 65) (-50, 6) (113, 85) (-104, 79) (-113, 0) (5, 97) (-5, 0) (66, 92) (-66, 0) (84, 82) (-84, 0) (18, 65) (-18, 0) (14, 84) (-14, 0) (25, 97) (-25, 0) (136, 70) (-136, 0) (8, 73) (-8, 0) (97, 98) (-97, 0) (94, 64) (-94, 0) (9, 59) (-9, 0) (126, 81) (-126, 0) (65, 86) (-65, 0) (7, 85) (-7, 0) (71, 26) (133, 51) (-71, 25) (138, 83) (109, 100) (-138, 42) (-133, 17) (-109, 0) (129, 89) (-129, 0) (11, 67) (27, 89) (-11, 22) (-27, 0) (130, 54) (26, 93) (-130, 39) (39, 68) (-26, 29) (21, 96) (-21, 29) (-39, 0) (105, 69) (46, 87) (-105, 18) (59, 96) (-59, 18) (112, 90) (-46, 72) (-112, 0) (64, 98) (-64, 0) (124, 95) (-124, 0) (132, 80) (-132, 0) (117, 51) (118, 99) (-117, 48) (16, 98) (-118, 50) (-16, 0) (127, 74) (-127, 0) (36, 64) (-36, 0) (4, 89) (-4, 0) (115, 53) (-115, 0) (100, 84) (-100, 0) (121, 78) (-121, 0) (93, 98) (-93, 0) (131, 88) (-131, 0) (80, 58) (24, 62) (29, 88) (43, 100) (-29, 74) (42, 79) (-80, 21) (-42, 16) (48, 97) (-43, 85) (-24, 81) (-48, 0) (0, 0) 
