Total travel mileage:  2925
Schedule of all car:
 -> (u, v) here means (current location, current capacity)
 u = 0 -> original location of car, u > 0 -> start-point of item u, u < 0 -> end-point of item -u
Schedule for car 1:
(0, 0) (29, 55) (-29, 0) (10, 56) (-10, 0) (0, 0) 
Schedule for car 2:
(0, 0) (22, 22) (-22, 0) (0, 0) 
Schedule for car 3:
(0, 0) (0, 0) 
Schedule for car 4:
(0, 0) (0, 0) 
Schedule for car 5:
(0, 0) (0, 0) 
Schedule for car 6:
(0, 0) (0, 0) 
Schedule for car 7:
(0, 0) (0, 0) 
Schedule for car 8:
(0, 0) (0, 0) 
Schedule for car 9:
(0, 0) (23, 95) (-23, 0) (18, 77) (-18, 0) (14, 48) (-14, 0) (16, 99) (-16, 0) (21, 98) (-21, 0) (36, 93) (-36, 0) (30, 80) (-30, 0) (39, 88) (-39, 0) (38, 92) (-38, 0) (40, 95) (-40, 0) (1, 79) (-1, 0) (2, 18) (9, 64) (6, 93) (-2, 75) (-9, 29) (35, 94) (-6, 65) (8, 99) (-35, 34) (5, 76) (-5, 34) (31, 69) (-8, 35) (20, 65) (-31, 30) (-20, 0) (17, 94) (-17, 0) (0, 0) 
Schedule for car 10:
(0, 0) (25, 22) (37, 42) (-37, 22) (33, 75) (-33, 22) (-25, 0) (28, 68) (-28, 0) (4, 69) (-4, 0) (12, 53) (24, 70) (27, 76) (-12, 23) (13, 70) (-24, 53) (19, 71) (-13, 24) (15, 74) (-27, 68) (-15, 18) (7, 68) (-19, 50) (-7, 0) (3, 69) (-3, 0) (26, 81) (-26, 0) (32, 76) (-32, 0) (34, 70) (11, 72) (-34, 2) (-11, 0) (0, 0) 
