Total travel mileage:  9423
Schedule of all car:
 -> (u, v) here means (current location, current capacity)
 u = 0 -> original location of car, u > 0 -> start-point of item u, u < 0 -> end-point of item -u
Schedule for car 1:
(0, 0) (0, 0) 
Schedule for car 2:
(0, 0) (0, 0) 
Schedule for car 3:
(0, 0) (46, 81) (-46, 0) (20, 90) (-20, 0) (117, 52) (40, 86) (-40, 52) (-117, 0) (115, 87) (-115, 0) (144, 71) (-144, 0) (50, 81) (-50, 0) (0, 0) 
Schedule for car 4:
(0, 0) (0, 0) 
Schedule for car 5:
(0, 0) (0, 0) 
Schedule for car 6:
(0, 0) (0, 0) 
Schedule for car 7:
(0, 0) (0, 0) 
Schedule for car 8:
(0, 0) (0, 0) 
Schedule for car 9:
(0, 0) (0, 0) 
Schedule for car 10:
(0, 0) (106, 93) (107, 96) (-107, 93) (-106, 0) (113, 84) (-113, 0) (111, 93) (-111, 0) (32, 54) (126, 90) (-126, 54) (-32, 0) (109, 92) (-109, 0) (94, 73) (-94, 0) (70, 94) (-70, 0) (112, 97) (-112, 0) (33, 99) (-33, 0) (57, 57) (-57, 0) (155, 84) (-155, 0) (99, 81) (-99, 0) (154, 68) (-154, 0) (71, 67) (-71, 0) (157, 63) (-157, 0) (84, 80) (-84, 0) (26, 79) (-26, 0) (93, 62) (145, 99) (-145, 62) (136, 92) (-136, 62) (101, 95) (-101, 62) (-93, 0) (55, 89) (-55, 0) (102, 82) (-102, 0) (83, 72) (13, 95) (-83, 23) (62, 74) (141, 100) (-141, 74) (-62, 23) (125, 76) (-125, 23) (149, 82) (-149, 23) (42, 97) (-13, 74) (-42, 0) (103, 99) (-103, 0) (114, 92) (-114, 0) (123, 95) (-123, 0) (89, 28) (118, 97) (-118, 28) (139, 94) (-89, 66) (81, 94) (-81, 66) (-139, 0) (78, 76) (119, 97) (-78, 21) (135, 42) (68, 47) (77, 57) (43, 96) (-119, 75) (52, 86) (-135, 65) (-43, 26) (104, 98) (-77, 88) (-68, 83) (-104, 11) (100, 77) (-52, 66) (-100, 0) (96, 87) (-96, 0) (5, 70) (-5, 0) (86, 98) (-86, 0) (63, 32) (3, 89) (-3, 32) (-63, 0) (30, 83) (72, 94) (-30, 11) (97, 56) (-72, 45) (58, 85) (-58, 45) (85, 77) (-85, 45) (7, 98) (-7, 45) (121, 87) (143, 89) (53, 92) (-97, 47) (158, 90) (-121, 48) (133, 97) (-158, 54) (138, 94) (-138, 54) (116, 99) (-133, 50) (25, 79) (140, 100) (-140, 79) (-116, 34) (-25, 5) (98, 95) (-98, 5) (38, 79) (-38, 5) (35, 99) (-35, 5) (132, 81) (-132, 5) (60, 73) (-60, 5) (152, 73) (-152, 5) (39, 60) (22, 98) (-22, 60) (153, 81) (-39, 26) (160, 97) (-153, 76) (-160, 5) (91, 81) (59, 82) (-91, 6) (18, 96) (-18, 6) (-59, 5) (151, 92) (-151, 5) (14, 84) (-14, 5) (80, 99) (-80, 5) (12, 53) (29, 58) (28, 67) (110, 99) (-12, 51) (159, 96) (-159, 51) (87, 68) (120, 85) (-110, 53) (88, 93) (-87, 76) (156, 99) (-156, 76) (-88, 36) (21, 97) (-28, 88) (-120, 71) (-21, 10) (17, 100) (-17, 10) (73, 34) (67, 86) (-73, 62) (-67, 10) (74, 97) (-74, 10) (45, 84) (-45, 10) (11, 45) (49, 98) (-49, 45) (-11, 10) (44, 77) (95, 98) (-44, 31) (41, 99) (-95, 78) (-41, 10) (128, 98) (-128, 10) (31, 77) (-31, 10) (-29, 5) (131, 77) (-131, 5) (61, 96) (-61, 5) (9, 47) (27, 49) (-53, 46) (-9, 4) (137, 85) (65, 93) (-137, 12) (122, 56) (69, 65) (130, 99) (-122, 55) (92, 84) (76, 93) (-92, 64) (142, 89) (-69, 80) (-130, 46) (56, 92) (-56, 46) (79, 69) (129, 89) (150, 99) (-129, 79) (-142, 54) (-79, 31) (147, 99) (-147, 31) (134, 66) (48, 91) (-150, 81) (2, 84) (-48, 59) (-134, 24) (51, 83) (-51, 24) (105, 66) (-105, 24) (75, 86) (6, 90) (-75, 28) (8, 94) (-8, 28) (34, 69) (124, 90) (-2, 87) (-34, 46) (16, 71) (-16, 46) (-124, 25) (66, 82) (-6, 78) (-66, 21) (23, 92) (-23, 21) (64, 80) (-64, 21) (4, 66) (-4, 21) (37, 97) (-37, 21) (1, 90) (-1, 21) (47, 69) (-143, 67) (-76, 58) (82, 96) (90, 96) (-27, 94) (-90, 94) (-65, 86) (10, 92) (127, 98) (-47, 50) (24, 71) (-10, 65) (-24, 44) (36, 98) (-36, 44) (54, 100) (-54, 44) (19, 70) (-19, 44) (146, 100) (-146, 44) (108, 70) (-108, 44) (15, 76) (-82, 38) (148, 97) (-148, 38) (-127, 32) (-15, 0) (0, 0) 
