Total travel mileage:  3948
Schedule of all car:
 -> (u, v) here means (current location, current capacity)
 u = 0 -> original location of car, u > 0 -> start-point of item u, u < 0 -> end-point of item -u
Schedule for car 1:
(0, 0) (0, 0) 
Schedule for car 2:
(0, 0) (54, 51) (38, 51) (19, 54) (4, 69) (43, 69) (-54, 18) (-4, 3) (29, 44) (-19, 41) (-38, 41) (53, 67) (-43, 67) (41, 68) (-53, 42) (11, 66) (-29, 25) (-11, 1) (45, 71) (-41, 70) (-45, 0) (60, 59) (-60, 0) (20, 69) (-20, 0) (40, 4) (10, 61) (-10, 4) (39, 61) (-39, 4) (32, 29) (8, 55) (-40, 51) (-32, 26) (22, 48) (44, 71) (-22, 49) (25, 59) (-8, 33) (37, 54) (-44, 31) (-25, 21) (-37, 0) (0, 0) 
Schedule for car 3:
(0, 0) (0, 0) 
Schedule for car 4:
(0, 0) (0, 0) 
Schedule for car 5:
(0, 0) (0, 0) 
Schedule for car 6:
(0, 0) (0, 0) 
Schedule for car 7:
(0, 0) (0, 0) 
Schedule for car 8:
(0, 0) (0, 0) 
Schedule for car 9:
(0, 0) (0, 0) 
Schedule for car 10:
(0, 0) (48, 14) (52, 93) (-52, 14) (56, 90) (-56, 14) (47, 98) (13, 98) (-48, 84) (5, 93) (-47, 9) (-5, 0) (14, 89) (-14, 0) (3, 90) (-3, 0) (21, 68) (26, 89) (-13, 89) (33, 94) (-26, 73) (34, 96) (-21, 28) (59, 69) (-33, 64) (-34, 41) (23, 84) (-59, 43) (2, 88) (-23, 45) (-2, 0) (42, 95) (-42, 0) (6, 99) (-6, 0) (1, 23) (46, 67) (-1, 44) (-46, 0) (58, 89) (-58, 0) (51, 69) (-51, 0) (9, 44) (15, 78) (-9, 34) (50, 98) (-15, 64) (-50, 0) (57, 38) (17, 91) (-57, 53) (-17, 0) (55, 90) (-55, 0) (12, 92) (-12, 0) (24, 97) (-24, 0) (18, 61) (36, 83) (-18, 22) (27, 82) (-27, 22) (28, 44) (30, 90) (-28, 68) (-30, 22) (7, 100) (-7, 22) (49, 72) (-49, 22) (35, 95) (-35, 22) (31, 93) (-31, 22) (16, 92) (-36, 70) (-16, 0) (0, 0) 
