Total travel mileage:  5178
Schedule of all car:
 -> (u, v) here means (current location, current capacity)
 u = 0 -> original location of car, u > 0 -> start-point of item u, u < 0 -> end-point of item -u
Schedule for car 1:
(0, 0) (0, 0) 
Schedule for car 2:
(0, 0) (72, 59) (17, 72) (-17, 59) (-72, 0) (27, 71) (79, 77) (-27, 6) (2, 78) (-2, 6) (24, 67) (67, 88) (-24, 27) (51, 57) (-51, 27) (60, 65) (-67, 44) (-60, 6) (11, 87) (-11, 6) (28, 90) (-28, 6) (68, 85) (-68, 6) (73, 66) (-73, 6) (62, 56) (44, 77) (20, 90) (26, 90) (-44, 69) (34, 72) (-26, 72) (-34, 69) (-20, 56) (-79, 50) (21, 85) (-62, 35) (80, 42) (5, 81) (-5, 42) (-21, 7) (75, 84) (-80, 77) (-75, 0) (16, 65) (-16, 0) (52, 57) (-52, 0) (22, 83) (-22, 0) (29, 66) (-29, 0) (74, 76) (-74, 0) (33, 74) (-33, 0) (10, 86) (-10, 0) (45, 76) (-45, 0) (42, 72) (-42, 0) (54, 81) (-54, 0) (0, 0) 
Schedule for car 3:
(0, 0) (0, 0) 
Schedule for car 4:
(0, 0) (0, 0) 
Schedule for car 5:
(0, 0) (38, 40) (-38, 0) (70, 26) (13, 33) (-13, 26) (-70, 0) (57, 32) (-57, 0) (0, 0) 
Schedule for car 6:
(0, 0) (0, 0) 
Schedule for car 7:
(0, 0) (0, 0) 
Schedule for car 8:
(0, 0) (48, 74) (-48, 0) (61, 54) (-61, 0) (19, 64) (-19, 0) (0, 0) 
Schedule for car 9:
(0, 0) (0, 0) 
Schedule for car 10:
(0, 0) (35, 99) (-35, 0) (14, 97) (-14, 0) (59, 84) (50, 97) (-59, 13) (32, 58) (78, 90) (-32, 45) (-50, 32) (15, 92) (-15, 32) (46, 100) (-78, 68) (30, 76) (-46, 8) (9, 94) (-9, 8) (56, 96) (-56, 8) (8, 97) (-30, 89) (-8, 0) (58, 97) (-58, 0) (47, 68) (77, 96) (-47, 28) (7, 98) (-77, 70) (-7, 0) (65, 92) (-65, 0) (37, 98) (-37, 0) (41, 93) (-41, 0) (64, 36) (76, 98) (-64, 62) (55, 97) (-76, 35) (-55, 0) (49, 66) (66, 100) (-49, 34) (36, 83) (-36, 34) (31, 87) (-31, 34) (6, 98) (-6, 34) (-66, 0) (63, 40) (-63, 0) (4, 99) (-4, 0) (40, 82) (-40, 0) (25, 67) (-25, 0) (69, 99) (-69, 0) (3, 82) (-3, 0) (43, 86) (-43, 0) (71, 98) (-71, 0) (39, 66) (-39, 0) (18, 91) (-18, 0) (23, 99) (-23, 0) (12, 81) (-12, 0) (53, 84) (-53, 0) (1, 79) (-1, 0) (0, 0) 
