Total travel mileage:  6992
Schedule of all car:
 -> (u, v) here means (current location, current capacity)
 u = 0 -> original location of car, u > 0 -> start-point of item u, u < 0 -> end-point of item -u
Schedule for car 1:
(0, 0) (109, 62) (-109, 0) (0, 0) 
Schedule for car 2:
(0, 0) (71, 89) (-71, 0) (82, 95) (-82, 0) (49, 81) (-49, 0) (18, 97) (-18, 0) (3, 98) (-3, 0) (112, 98) (-112, 0) (40, 99) (-40, 0) (21, 98) (-21, 0) (0, 0) 
Schedule for car 3:
(0, 0) (0, 0) 
Schedule for car 4:
(0, 0) (0, 0) 
Schedule for car 5:
(0, 0) (0, 0) 
Schedule for car 6:
(0, 0) (69, 74) (-69, 0) (99, 71) (11, 77) (-99, 6) (97, 91) (-97, 6) (79, 86) (-79, 6) (111, 95) (-111, 6) (61, 29) (92, 36) (13, 90) (-13, 36) (-61, 13) (53, 95) (-53, 13) (10, 74) (-10, 13) (1, 79) (-92, 72) (-1, 6) (22, 96) (-22, 6) (59, 74) (-59, 6) (102, 99) (-102, 6) (110, 63) (-110, 6) (86, 91) (-86, 6) (50, 91) (-50, 6) (107, 84) (-107, 6) (72, 83) (8, 98) (-8, 83) (-72, 6) (87, 96) (-87, 6) (48, 95) (-48, 6) (62, 59) (-62, 6) (51, 35) (103, 86) (-51, 57) (-103, 6) (47, 67) (-47, 6) (63, 97) (-63, 6) (44, 90) (-44, 6) (32, 48) (27, 78) (-27, 48) (-32, 6) (7, 55) (16, 82) (-16, 55) (73, 90) (-73, 55) (54, 96) (-54, 55) (-7, 6) (118, 81) (38, 99) (-118, 24) (91, 67) (81, 97) (-81, 67) (19, 95) (-91, 52) (23, 94) (-19, 66) (-38, 48) (68, 92) (-23, 50) (41, 85) (-41, 50) (77, 87) (4, 96) (-68, 52) (75, 65) (78, 84) (-77, 47) (120, 77) (-75, 64) (-120, 34) (26, 63) (24, 68) (114, 97) (-26, 68) (95, 97) (-114, 68) (35, 89) (85, 89) (-35, 68) (100, 97) (-11, 91) (66, 99) (-24, 94) (29, 95) (-4, 86) (-100, 57) (36, 73) (-66, 65) (-36, 49) (98, 58) (5, 96) (-5, 58) (-98, 49) (113, 98) (-95, 69) (101, 76) (-85, 76) (-113, 27) (96, 92) (-78, 73) (-96, 8) (20, 90) (-20, 8) (116, 56) (33, 98) (-116, 50) (-33, 8) (43, 69) (-43, 8) (56, 65) (-56, 8) (119, 91) (-119, 8) (15, 73) (-15, 8) (70, 77) (-70, 8) (58, 81) (-58, 8) (90, 75) (-90, 8) (28, 99) (-28, 8) (45, 96) (-45, 8) (25, 72) (46, 95) (-25, 31) (115, 91) (-115, 31) (88, 87) (-88, 31) (84, 97) (-46, 74) (89, 83) (94, 98) (-94, 83) (106, 98) (-106, 83) (-89, 74) (-84, 8) (30, 99) (-30, 8) (6, 72) (-6, 8) (104, 94) (-104, 8) (34, 73) (-34, 8) (67, 95) (-67, 8) (108, 61) (-29, 60) (76, 79) (-76, 60) (93, 98) (-108, 45) (-93, 7) (39, 78) (-39, 7) (42, 97) (-42, 7) (2, 95) (-101, 88) (-2, 0) (83, 50) (65, 98) (-65, 50) (-83, 0) (0, 0) 
Schedule for car 7:
(0, 0) (0, 0) 
Schedule for car 8:
(0, 0) (37, 18) (-37, 0) (17, 25) (105, 53) (-105, 25) (31, 36) (9, 50) (60, 60) (-17, 35) (52, 48) (-31, 37) (-52, 24) (55, 29) (-9, 15) (-60, 5) (14, 60) (-14, 5) (80, 13) (117, 59) (-80, 51) (-55, 46) (-117, 0) (57, 32) (74, 40) (12, 50) (-57, 18) (-12, 8) (-74, 0) (64, 39) (-64, 0) (0, 0) 
Schedule for car 9:
(0, 0) (0, 0) 
Schedule for car 10:
(0, 0) (0, 0) 
