Total travel mileage:  12514
Schedule of all car:
 -> (u, v) here means (current location, current capacity)
 u = 0 -> original location of car, u > 0 -> start-point of item u, u < 0 -> end-point of item -u
Schedule for car 1:
(0, 0) (24, 39) (146, 63) (-146, 39) (124, 76) (-24, 37) (-124, 0) (140, 73) (-140, 0) (0, 0) 
Schedule for car 2:
(0, 0) (112, 4) (-112, 0) (40, 11) (164, 19) (156, 26) (-156, 19) (-40, 8) (-164, 0) (0, 0) 
Schedule for car 3:
(0, 0) (0, 0) 
Schedule for car 4:
(0, 0) (0, 0) 
Schedule for car 5:
(0, 0) (11, 20) (119, 71) (48, 76) (107, 76) (34, 81) (159, 83) (-48, 78) (-119, 27) (-11, 7) (57, 41) (102, 66) (101, 83) (-102, 58) (-107, 58) (91, 69) (-159, 67) (-91, 56) (-34, 51) (-101, 34) (84, 68) (-84, 34) (38, 71) (-57, 37) (9, 77) (-38, 40) (27, 83) (-27, 40) (139, 80) (-139, 40) (96, 78) (131, 79) (-96, 41) (85, 83) (-9, 43) (189, 58) (-189, 43) (87, 82) (-87, 43) (136, 68) (-136, 43) (138, 71) (46, 82) (-138, 54) (128, 66) (-46, 55) (60, 55) (33, 77) (-85, 35) (36, 61) (65, 79) (-128, 67) (-36, 41) (89, 79) (-89, 41) (3, 75) (-65, 57) (-3, 23) (148, 67) (-33, 45) (-148, 1) (157, 80) (-131, 79) (-157, 0) (39, 36) (184, 81) (-39, 45) (137, 58) (-137, 45) (-184, 0) (83, 78) (-83, 0) (45, 55) (-60, 55) (142, 77) (-142, 55) (-45, 0) (0, 0) 
Schedule for car 6:
(0, 0) (0, 0) 
Schedule for car 7:
(0, 0) (0, 0) 
Schedule for car 8:
(0, 0) (0, 0) 
Schedule for car 9:
(0, 0) (152, 83) (-152, 0) (168, 86) (-168, 0) (94, 92) (21, 93) (-94, 1) (56, 72) (-56, 1) (191, 92) (-191, 1) (181, 80) (-181, 1) (175, 78) (-175, 1) (55, 90) (-55, 1) (61, 61) (86, 79) (-61, 19) (47, 85) (-86, 67) (-47, 1) (52, 86) (-52, 1) (20, 82) (-20, 1) (127, 79) (-127, 1) (103, 92) (-103, 1) (144, 82) (-144, 1) (76, 87) (-76, 1) (133, 65) (-133, 1) (54, 39) (199, 72) (117, 88) (-199, 55) (-54, 17) (80, 90) (-80, 17) (10, 56) (198, 69) (129, 76) (-21, 75) (-10, 36) (2, 75) (-117, 59) (-129, 52) (-198, 39) (151, 77) (-2, 38) (-151, 0) (0, 0) 
Schedule for car 10:
(0, 0) (126, 93) (-126, 0) (23, 75) (149, 95) (-23, 20) (188, 97) (-188, 20) (109, 34) (190, 87) (-190, 34) (143, 92) (-143, 34) (28, 84) (-28, 34) (17, 98) (-17, 34) (74, 84) (-74, 34) (67, 83) (-67, 34) (82, 67) (32, 94) (-32, 67) (42, 99) (-82, 66) (-42, 34) (64, 64) (-64, 34) (187, 90) (-187, 34) (120, 96) (-120, 34) (108, 92) (-149, 72) (173, 100) (-108, 42) (113, 80) (-173, 52) (110, 87) (-110, 52) (97, 78) (53, 82) (-113, 44) (-97, 18) (154, 79) (167, 94) (-109, 80) (30, 100) (-154, 39) (-167, 24) (176, 93) (-176, 24) (35, 97) (-30, 77) (105, 84) (-35, 11) (163, 100) (-163, 11) (7, 82) (162, 100) (-7, 29) (50, 81) (-50, 29) (79, 99) (-79, 29) (63, 46) (98, 65) (106, 85) (121, 94) (-98, 75) (-106, 55) (169, 96) (-169, 55) (75, 94) (-121, 85) (194, 99) (-63, 82) (-194, 68) (116, 99) (-75, 60) (192, 93) (-192, 60) (6, 100) (-6, 60) (19, 73) (200, 82) (-116, 51) (170, 98) (-170, 51) (197, 90) (-197, 51) (72, 91) (-72, 51) (161, 90) (-200, 81) (-161, 42) (78, 100) (-19, 87) (-162, 69) (118, 98) (-78, 40) (16, 89) (-16, 40) (132, 58) (141, 97) (-141, 58) (178, 97) (-118, 68) (90, 95) (-90, 68) (43, 74) (93, 93) (-132, 75) (160, 89) (-43, 83) (-93, 64) (158, 97) (-105, 90) (13, 99) (-158, 66) (-13, 57) (71, 97) (-160, 83) (-53, 79) (-178, 40) (-71, 0) (115, 55) (25, 96) (-25, 55) (-115, 0) (41, 96) (-41, 0) (165, 82) (-165, 0) (29, 86) (-29, 0) (171, 69) (-171, 0) (8, 98) (-8, 0) (18, 89) (-18, 0) (92, 96) (-92, 0) (31, 58) (183, 71) (22, 93) (-22, 71) (77, 95) (-183, 82) (-77, 58) (88, 90) (-88, 58) (-31, 0) (130, 92) (-130, 0) (186, 75) (104, 92) (-104, 75) (-186, 0) (114, 87) (-114, 0) (44, 96) (-44, 0) (15, 66) (193, 90) (-15, 24) (195, 55) (153, 99) (-193, 75) (81, 87) (-153, 43) (-81, 31) (-195, 0) (166, 98) (-166, 0) (69, 73) (-69, 0) (196, 88) (-196, 0) (172, 81) (-172, 0) (1, 84) (-1, 0) (58, 94) (-58, 0) (145, 78) (-145, 0) (26, 81) (-26, 0) (70, 80) (-70, 0) (111, 92) (-111, 0) (12, 80) (-12, 0) (122, 93) (-122, 0) (68, 83) (-68, 0) (37, 49) (14, 92) (-37, 43) (-14, 0) (62, 84) (-62, 0) (51, 96) (-51, 0) (150, 86) (-150, 0) (49, 92) (-49, 0) (125, 90) (-125, 0) (174, 94) (-174, 0) (134, 78) (-134, 0) (66, 99) (-66, 0) (147, 67) (-147, 0) (59, 86) (-59, 0) (177, 52) (4, 91) (-177, 39) (5, 96) (-5, 39) (73, 95) (-73, 39) (100, 99) (-4, 60) (-100, 0) (180, 68) (-180, 0) (123, 97) (-123, 0) (179, 81) (-179, 0) (95, 89) (-95, 0) (185, 90) (182, 91) (-185, 1) (135, 97) (-182, 96) (-135, 0) (155, 58) (-155, 0) (99, 77) (-99, 0) (0, 0) 
