Total travel mileage:  11945
Schedule of all car:
 -> (u, v) here means (current location, current capacity)
 u = 0 -> original location of car, u > 0 -> start-point of item u, u < 0 -> end-point of item -u
Schedule for car 1:
(0, 0) (0, 0) 
Schedule for car 2:
(0, 0) (0, 0) 
Schedule for car 3:
(0, 0) (0, 0) 
Schedule for car 4:
(0, 0) (0, 0) 
Schedule for car 5:
(0, 0) (176, 69) (-176, 0) (157, 79) (-157, 0) (20, 81) (-20, 0) (25, 41) (149, 61) (156, 68) (-156, 61) (-25, 20) (108, 78) (-149, 58) (146, 82) (-108, 24) (78, 82) (-146, 58) (-78, 0) (175, 77) (-175, 0) (70, 80) (-70, 0) (7, 71) (198, 84) (-7, 13) (119, 64) (-119, 13) (129, 20) (133, 84) (-129, 77) (-198, 64) (-133, 0) (151, 38) (-151, 0) (152, 83) (-152, 0) (16, 49) (88, 81) (-16, 32) (2, 71) (-88, 39) (160, 53) (102, 78) (-102, 53) (77, 77) (-2, 38) (91, 49) (-77, 25) (54, 63) (-160, 49) (-54, 11) (80, 84) (-91, 73) (-80, 0) (24, 39) (-24, 0) (79, 70) (112, 74) (182, 75) (-79, 5) (171, 74) (-112, 70) (46, 81) (-171, 12) (128, 24) (155, 82) (-155, 24) (43, 30) (6, 70) (-6, 30) (87, 69) (-46, 58) (36, 84) (-87, 45) (200, 54) (93, 73) (-128, 61) (22, 83) (-200, 74) (-22, 52) (-93, 33) (-43, 27) (193, 51) (-36, 25) (27, 68) (34, 73) (-27, 30) (139, 70) (-139, 30) (189, 45) (110, 80) (-193, 56) (-189, 41) (72, 81) (60, 81) (-182, 80) (-110, 45) (63, 62) (98, 81) (-34, 76) (105, 83) (-63, 66) (-98, 47) (38, 84) (-72, 44) (9, 84) (-9, 44) (65, 62) (104, 79) (-38, 42) (-104, 25) (31, 83) (-31, 25) (148, 69) (-65, 51) (158, 84) (-158, 51) (136, 76) (-148, 32) (169, 73) (-169, 32) (-136, 7) (120, 69) (-120, 7) (69, 80) (-69, 7) (186, 82) (-186, 7) (154, 68) (-154, 7) (15, 73) (-15, 7) (89, 45) (3, 79) (-60, 79) (-3, 45) (142, 67) (-105, 60) (-142, 38) (-89, 0) (83, 78) (-83, 0) (45, 55) (-45, 0) (0, 0) 
Schedule for car 6:
(0, 0) (0, 0) 
Schedule for car 7:
(0, 0) (116, 31) (131, 32) (-116, 1) (164, 9) (106, 29) (-164, 21) (-106, 1) (132, 19) (-131, 18) (48, 23) (-48, 18) (159, 20) (-132, 2) (64, 32) (107, 32) (-159, 30) (-64, 0) (-107, 0) (199, 33) (-199, 0) (117, 16) (21, 17) (-117, 1) (-21, 0) (11, 20) (-11, 0) (90, 27) (-90, 0) (0, 0) 
Schedule for car 8:
(0, 0) (0, 0) 
Schedule for car 9:
(0, 0) (0, 0) 
Schedule for car 10:
(0, 0) (126, 93) (-126, 0) (75, 39) (190, 92) (-75, 53) (153, 97) (-190, 44) (67, 93) (-67, 44) (141, 83) (-153, 39) (124, 76) (-141, 37) (-124, 0) (95, 89) (40, 100) (-95, 11) (59, 97) (-59, 11) (29, 97) (-29, 11) (23, 86) (-23, 11) (56, 82) (-56, 11) (188, 88) (-40, 77) (-188, 0) (170, 47) (138, 75) (33, 97) (-138, 69) (-33, 47) (-170, 0) (114, 87) (-114, 0) (44, 96) (-44, 0) (103, 91) (-103, 0) (161, 39) (74, 89) (-161, 50) (4, 89) (-74, 39) (192, 72) (-4, 33) (-192, 0) (179, 81) (-179, 0) (10, 39) (100, 99) (-100, 39) (97, 65) (-10, 26) (177, 78) (-177, 26) (197, 65) (-97, 39) (61, 99) (-197, 60) (-61, 0) (55, 89) (-55, 0) (122, 93) (-122, 0) (147, 67) (-147, 0) (17, 64) (-17, 0) (181, 79) (-181, 0) (187, 56) (-187, 0) (8, 98) (-8, 0) (51, 96) (-51, 0) (150, 86) (-150, 0) (49, 92) (-49, 0) (125, 90) (-125, 0) (174, 94) (-174, 0) (134, 78) (-134, 0) (66, 99) (-66, 0) (99, 77) (-99, 0) (185, 90) (-185, 0) (135, 96) (-135, 0) (121, 9) (191, 100) (-121, 91) (-191, 0) (168, 86) (-168, 0) (94, 92) (-94, 0) (144, 81) (137, 94) (-144, 13) (76, 99) (-76, 13) (184, 58) (-137, 45) (39, 81) (101, 98) (-39, 62) (57, 96) (-57, 62) (84, 96) (-84, 62) (-101, 45) (-184, 0) (166, 98) (-166, 0) (118, 29) (71, 69) (173, 97) (-173, 69) (53, 73) (183, 86) (-118, 57) (178, 96) (-183, 83) (-53, 79) (-178, 40) (-71, 0) (163, 89) (-163, 0) (41, 96) (-41, 0) (115, 55) (42, 87) (19, 100) (-42, 68) (86, 86) (-115, 31) (143, 89) (-143, 31) (47, 97) (-19, 84) (-86, 66) (-47, 0) (130, 92) (-130, 0) (18, 89) (-18, 0) (92, 96) (-92, 0) (123, 97) (-123, 0) (180, 68) (-180, 0) (145, 78) (-145, 0) (58, 94) (-58, 0) (140, 73) (-140, 0) (73, 56) (-73, 0) (28, 50) (32, 77) (-32, 50) (-28, 0) (68, 83) (-68, 0) (196, 88) (-196, 0) (62, 84) (-62, 0) (5, 57) (-5, 0) (52, 85) (-52, 0) (111, 92) (-111, 0) (1, 84) (-1, 0) (172, 81) (-172, 0) (37, 49) (14, 92) (-14, 49) (-37, 0) (26, 81) (-26, 0) (165, 82) (109, 96) (-165, 14) (127, 92) (-127, 14) (12, 94) (-12, 14) (195, 45) (-109, 31) (85, 73) (162, 91) (-195, 60) (113, 98) (-162, 80) (194, 94) (-85, 52) (82, 85) (-82, 52) (96, 90) (-194, 76) (167, 91) (-113, 53) (81, 65) (-96, 27) (50, 79) (30, 99) (-167, 84) (13, 93) (-81, 81) (-13, 72) (-50, 20) (35, 93) (-35, 20) (-30, 0) (0, 0) 
