Total travel mileage:  6744
Schedule of all car:
 -> (u, v) here means (current location, current capacity)
 u = 0 -> original location of car, u > 0 -> start-point of item u, u < 0 -> end-point of item -u
Schedule for car 1:
(0, 0) (0, 0) 
Schedule for car 2:
(0, 0) (0, 0) 
Schedule for car 3:
(0, 0) (0, 0) 
Schedule for car 4:
(0, 0) (0, 0) 
Schedule for car 5:
(0, 0) (0, 0) 
Schedule for car 6:
(0, 0) (11, 6) (69, 80) (94, 95) (-69, 21) (38, 39) (7, 88) (92, 95) (-7, 46) (117, 92) (-92, 85) (-117, 39) (32, 81) (89, 90) (-38, 72) (61, 95) (-32, 53) (81, 83) (-61, 60) (77, 97) (-81, 67) (78, 86) (-77, 49) (106, 64) (19, 92) (-94, 77) (-78, 58) (-89, 49) (-106, 34) (109, 96) (-109, 34) (113, 83) (-113, 34) (5, 72) (98, 81) (101, 88) (-5, 50) (-98, 41) (13, 95) (-101, 88) (-13, 34) (25, 98) (29, 99) (-11, 93) (-25, 29) (100, 58) (41, 93) (-100, 64) (46, 87) (-46, 64) (-19, 36) (115, 96) (-115, 36) (4, 45) (-41, 10) (88, 66) (16, 93) (-88, 37) (-16, 10) (104, 96) (-104, 10) (79, 90) (-79, 10) (111, 99) (-4, 90) (-111, 1) (20, 83) (8, 98) (-20, 16) (6, 80) (-6, 16) (107, 94) (-107, 16) (51, 45) (-51, 16) (62, 69) (-62, 16) (84, 82) (36, 98) (-84, 32) (64, 71) (52, 84) (-64, 45) (-36, 29) (110, 86) (31, 97) (-31, 86) (55, 91) (-110, 34) (103, 85) (-8, 70) (-52, 57) (-103, 6) (48, 95) (-48, 6) (96, 71) (66, 79) (-96, 14) (44, 98) (-44, 14) (23, 56) (91, 99) (-91, 56) (-23, 14) (53, 96) (-53, 14) (86, 99) (-29, 98) (-86, 13) (50, 98) (-50, 13) (49, 94) (-49, 13) (54, 54) (120, 84) (-54, 43) (-120, 13) (-66, 5) (87, 95) (-87, 5) (10, 66) (-10, 5) (1, 71) (17, 96) (-17, 71) (60, 81) (9, 95) (-60, 85) (-1, 19) (47, 80) (-47, 19) (-9, 5) (22, 95) (-22, 5) (67, 92) (-67, 5) (73, 40) (76, 59) (-76, 40) (-73, 5) (93, 43) (57, 75) (-93, 37) (108, 90) (-57, 58) (114, 87) (-108, 34) (27, 64) (95, 93) (-114, 64) (35, 85) (85, 85) (-35, 64) (-27, 34) (15, 99) (-95, 70) (-85, 70) (37, 88) (80, 96) (-37, 78) (-15, 13) (105, 41) (-105, 13) (26, 42) (14, 97) (-14, 42) (-26, 13) (118, 88) (-118, 13) (65, 61) (-65, 13) (99, 84) (-99, 13) (97, 98) (-97, 13) (34, 78) (75, 91) (-80, 83) (-55, 78) (74, 86) (12, 96) (-34, 31) (-75, 18) (24, 23) (39, 94) (-12, 84) (-39, 13) (90, 80) (-74, 72) (-90, 5) (45, 93) (-24, 88) (-45, 0) (3, 98) (-3, 0) (102, 93) (-102, 0) (63, 91) (-63, 0) (70, 69) (-70, 0) (58, 73) (-58, 0) (28, 91) (-28, 0) (21, 98) (-21, 0) (40, 99) (-40, 0) (72, 77) (-72, 0) (119, 83) (-119, 0) (33, 42) (56, 99) (-56, 42) (-33, 0) (43, 61) (-43, 0) (116, 48) (-116, 0) (18, 97) (-18, 0) (30, 91) (-30, 0) (82, 95) (-82, 0) (71, 89) (-71, 0) (59, 68) (-59, 0) (112, 98) (-112, 0) (42, 90) (-42, 0) (2, 88) (-2, 0) (83, 50) (68, 94) (-68, 50) (-83, 0) (0, 0) 
Schedule for car 7:
(0, 0) (0, 0) 
Schedule for car 8:
(0, 0) (0, 0) 
Schedule for car 9:
(0, 0) (0, 0) 
Schedule for car 10:
(0, 0) (0, 0) 
